#INCLUSive Background Model v1.0
#
#Order = 3
#Organism = unknown
#Sequences = all_human_mouse.tfa
#Path = 
#

#snf
0.238983	0.262143	0.26079	0.238084	

#oligo frequency
0.0231093
0.0118236
0.0184212
0.0150857
0.015781
0.0131357
0.00513015
0.0130636
0.0192855
0.0193361
0.022508
0.0130204
0.0101963
0.0106802
0.0131937
0.0150304
0.0151145
0.0161149
0.0254071
0.0136138
0.0212624
0.0255901
0.0128007
0.0222265
0.00544121
0.0126954
0.0130928
0.00523914
0.00914935
0.0213603
0.0245227
0.0185974
0.0176449
0.0113685
0.0208711
0.0105149
0.016994
0.0224533
0.0129854
0.0188512
0.0200393
0.0228575
0.0259163
0.0131735
0.00789558
0.0119458
0.0152515
0.0119095
0.0126513
0.00778284
0.00951367
0.00988922
0.0162555
0.0206286
0.00556883
0.0194392
0.0156998
0.0164059
0.0205055
0.0155504
0.0125833
0.0178484
0.0152052
0.0227711

#transition matrix
0.322391	0.178679	0.255186	0.243743	
0.360304	0.254496	0.0891899	0.29601	
0.282637	0.229622	0.284807	0.202934	
0.24453	0.197169	0.270919	0.287382	
0.239419	0.225217	0.325176	0.210188	
0.288087	0.295664	0.116252	0.299997	
0.178838	0.295834	0.293049	0.23228	
0.145562	0.254334	0.313591	0.286513	
0.31145	0.17956	0.326359	0.182631	
0.277224	0.311813	0.134742	0.276222	
0.276966	0.257493	0.296799	0.168742	
0.180893	0.250187	0.301587	0.267333	
0.346266	0.174612	0.210938	0.268185	
0.299031	0.287033	0.0758095	0.338126	
0.269846	0.208513	0.277622	0.244019	
0.216555	0.21622	0.192254	0.374971	
0.339824	0.183498	0.27759	0.199088	
0.315659	0.307241	0.120743	0.256357	
0.241032	0.299575	0.295938	0.163454	
0.172739	0.269197	0.252452	0.305613	
0.204254	0.245931	0.37051	0.179305	
0.258705	0.314178	0.177407	0.249711	
0.146706	0.39475	0.339155	0.119389	
0.111105	0.327143	0.321836	0.239915	
0.217246	0.212943	0.407765	0.162046	
0.167187	0.373894	0.256241	0.202678	
0.183105	0.341597	0.348667	0.126631	
0.124568	0.315989	0.34857	0.210873	
0.284448	0.219538	0.268679	0.227335	
0.233888	0.368749	0.110844	0.286519	
0.207466	0.279662	0.306462	0.206411	
0.143585	0.307564	0.2397	0.309151	
0.330036	0.164474	0.323664	0.181826	
0.331287	0.263218	0.138088	0.267406	
0.253897	0.249625	0.343536	0.152942	
0.179228	0.20862	0.337882	0.27427	
0.206509	0.204667	0.422911	0.165913	
0.248234	0.311542	0.194946	0.245279	
0.134115	0.335888	0.409159	0.120838	
0.116254	0.27987	0.382427	0.221448	
0.293786	0.174183	0.380534	0.151497	
0.225339	0.294257	0.222541	0.257863	
0.251862	0.27673	0.314647	0.15676	
0.16112	0.248129	0.357713	0.233039	
0.300185	0.194843	0.290302	0.214669	
0.285504	0.310644	0.107076	0.296776	
0.23272	0.217136	0.325872	0.224272	
0.168666	0.248619	0.242886	0.339829	
0.371424	0.161359	0.208964	0.258253	
0.342559	0.278275	0.0735338	0.305633	
0.279761	0.242714	0.272431	0.205094	
0.229832	0.187453	0.214655	0.36806	
0.215634	0.237028	0.321067	0.226272	
0.256155	0.319774	0.115187	0.308883	
0.163518	0.315784	0.349382	0.171316	
0.133115	0.280794	0.311542	0.274549	
0.292382	0.20836	0.302285	0.196973	
0.266293	0.301619	0.124853	0.307236	
0.239002	0.264974	0.317171	0.178853	
0.177881	0.241552	0.306951	0.273617	
0.329205	0.194185	0.20828	0.268329	
0.260124	0.333926	0.0628852	0.343065	
0.230172	0.229772	0.287391	0.252665	
0.203603	0.25936	0.218119	0.318918	

