#INCLUSive Background Model v1.0
#
#Order = 3
#Organism = unknown
#Sequences = dmcns.tfa
#Path = 
#

#snf
0.279903	0.225148	0.223316	0.271633	

#oligo frequency
0.0376805
0.0177082
0.0163294
0.0278685
0.0194459
0.00955449
0.0111437
0.0128098
0.0123684
0.0169572
0.00998952
0.0130029
0.0162525
0.013784
0.0177978
0.0273576
0.0247368
0.0152624
0.0164686
0.018037
0.0176303
0.00944537
0.011183
0.00976492
0.0145723
0.0148242
0.0110226
0.0110828
0.00759293
0.0119302
0.01577
0.0153325
0.0179548
0.0112263
0.0120396
0.0134429
0.0218138
0.0169951
0.0148323
0.0160449
0.0119936
0.0166915
0.00912512
0.00917011
0.00888528
0.0114044
0.0151189
0.0166139
0.0192181
0.00881018
0.00752491
0.0158239
0.0156917
0.0121445
0.0143363
0.0119543
0.0156057
0.021226
0.0167404
0.0187104
0.0186583
0.0171378
0.0234866
0.0348719

#transition matrix
0.355235	0.179065	0.163528	0.302172	
0.373019	0.15984	0.212374	0.254768	
0.230584	0.282112	0.193414	0.29389	
0.216266	0.166405	0.24324	0.374088	
0.361016	0.223093	0.182546	0.233345	
0.358997	0.204602	0.230565	0.205836	
0.303694	0.283896	0.199392	0.213018	
0.154406	0.21716	0.263445	0.364989	
0.342421	0.195298	0.213147	0.249134	
0.330766	0.214477	0.231397	0.223359	
0.309316	0.310031	0.178895	0.201758	
0.160745	0.203344	0.291266	0.344646	
0.397547	0.15647	0.127725	0.318258	
0.305617	0.205384	0.261584	0.227414	
0.241627	0.283952	0.222398	0.252023	
0.234691	0.144484	0.227812	0.393012	
0.374618	0.208836	0.165047	0.2515	
0.363411	0.202139	0.188798	0.245652	
0.224522	0.380886	0.183514	0.211077	
0.214269	0.213617	0.197188	0.374926	
0.309085	0.227947	0.229265	0.233704	
0.371347	0.218811	0.220711	0.189132	
0.266255	0.326463	0.208499	0.198783	
0.130327	0.261458	0.301655	0.30656	
0.314902	0.21305	0.228562	0.243486	
0.304333	0.274699	0.170896	0.250072	
0.256647	0.369073	0.177081	0.197199	
0.182248	0.244368	0.253977	0.319407	
0.378688	0.214483	0.139393	0.267436	
0.256558	0.251966	0.267003	0.224473	
0.195188	0.344932	0.246002	0.213878	
0.162476	0.212164	0.247072	0.378289	
0.415766	0.16833	0.188027	0.227878	
0.362013	0.188759	0.227203	0.222025	
0.240639	0.310204	0.215864	0.233293	
0.19063	0.20531	0.272086	0.331973	
0.317357	0.184935	0.262699	0.235009	
0.39446	0.18654	0.241622	0.177378	
0.281824	0.262655	0.243942	0.211578	
0.147316	0.226869	0.36324	0.262575	
0.326133	0.196287	0.251064	0.226517	
0.315875	0.239367	0.240116	0.204643	
0.243289	0.334223	0.218878	0.203611	
0.175252	0.227388	0.323327	0.274033	
0.35933	0.180368	0.186556	0.273746	
0.298281	0.213885	0.278427	0.209407	
0.197382	0.272895	0.252056	0.277668	
0.158215	0.172332	0.297714	0.371739	
0.38894	0.144302	0.141987	0.324771	
0.366373	0.172759	0.22595	0.234917	
0.266347	0.31424	0.161506	0.257907	
0.238473	0.160505	0.240026	0.360996	
0.343877	0.184039	0.199491	0.272593	
0.331918	0.185601	0.232761	0.24972	
0.278989	0.288524	0.199029	0.233458	
0.166113	0.244981	0.299823	0.289082	
0.332087	0.214914	0.191927	0.261072	
0.302505	0.250265	0.20674	0.24049	
0.229126	0.385149	0.19933	0.186395	
0.168074	0.212514	0.29495	0.324462	
0.360666	0.162127	0.146696	0.33051	
0.297188	0.226184	0.257312	0.219316	
0.223274	0.280345	0.21596	0.280421	
0.205819	0.202846	0.244551	0.346784	

