#INCLUSive Background Model v1.0
#
#Order = 3
#Organism = unknown
#Sequences = dmdpcns.tfa
#Path = 
#

#snf
0.279932	0.225523	0.223559	0.270986	

#oligo frequency
0.0376184
0.0175834
0.0162126
0.0275777
0.0201156
0.00935813
0.0111186
0.0125725
0.0131909
0.0169776
0.0101093
0.0127698
0.0162955
0.0135839
0.0179531
0.0270417
0.0247305
0.0152682
0.0169496
0.0181958
0.017607
0.00997464
0.010891
0.00996267
0.0141221
0.0142953
0.0108076
0.0109852
0.0074581
0.0124319
0.0162212
0.0151348
0.0178097
0.0114137
0.0125521
0.0132282
0.0218166
0.0171661
0.0142752
0.0160167
0.0119104
0.016803
0.00957407
0.00899734
0.00898467
0.011503
0.0151832
0.0163648
0.0188377
0.00895528
0.0073789
0.0158477
0.0156851
0.012048
0.0139171
0.012648
0.015664
0.021209
0.0166886
0.0192272
0.018294
0.0169113
0.0233181
0.0346569

#transition matrix
0.357942	0.17835	0.163475	0.300233	
0.384625	0.157204	0.21057	0.2476	
0.239492	0.280845	0.191677	0.287985	
0.218228	0.163259	0.245725	0.372787	
0.358679	0.221523	0.190441	0.229358	
0.358123	0.211151	0.225117	0.205609	
0.30794	0.281049	0.202576	0.208435	
0.153449	0.220976	0.264367	0.361208	
0.337194	0.19356	0.233386	0.235861	
0.336662	0.21608	0.226068	0.221189	
0.299712	0.317777	0.186362	0.196149	
0.165104	0.208181	0.291916	0.334799	
0.390722	0.163958	0.127864	0.317456	
0.314028	0.202174	0.251413	0.232385	
0.242656	0.284903	0.222179	0.250261	
0.234276	0.143504	0.227608	0.394612	
0.376838	0.208965	0.164792	0.249405	
0.378482	0.195617	0.186712	0.239189	
0.23892	0.377175	0.18246	0.201445	
0.214971	0.211704	0.200988	0.372337	
0.305067	0.226388	0.233275	0.235271	
0.362579	0.236663	0.210008	0.190749	
0.266226	0.324708	0.204151	0.204915	
0.125519	0.275001	0.307659	0.29182	
0.305484	0.222739	0.232734	0.239042	
0.302355	0.273993	0.17141	0.252242	
0.25086	0.372685	0.184327	0.192127	
0.184285	0.247758	0.25436	0.313598	
0.370088	0.220696	0.134396	0.27482	
0.245866	0.249356	0.25711	0.247668	
0.19038	0.340962	0.243185	0.225474	
0.158579	0.213911	0.248974	0.378536	
0.415015	0.170905	0.189167	0.224913	
0.367984	0.183014	0.228321	0.220682	
0.256063	0.302162	0.217232	0.224542	
0.193789	0.20365	0.277157	0.325404	
0.310835	0.185517	0.267319	0.236329	
0.388228	0.192038	0.235661	0.184073	
0.273895	0.264283	0.247139	0.214684	
0.140888	0.229617	0.370571	0.258924	
0.321143	0.201459	0.258927	0.218471	
0.319753	0.248166	0.227643	0.204438	
0.238616	0.329316	0.236555	0.195513	
0.177542	0.225601	0.320988	0.275868	
0.349214	0.187495	0.183449	0.279841	
0.293198	0.211214	0.277356	0.218232	
0.192246	0.27035	0.251396	0.286008	
0.154811	0.174185	0.29885	0.372154	
0.390652	0.14137	0.140066	0.327912	
0.377007	0.169541	0.223544	0.229908	
0.277245	0.306334	0.160962	0.255459	
0.238359	0.160399	0.242714	0.358527	
0.345204	0.178225	0.201859	0.274712	
0.333279	0.194386	0.222472	0.249863	
0.277534	0.278808	0.201554	0.242105	
0.160596	0.253642	0.305207	0.280555	
0.331117	0.211802	0.194115	0.262966	
0.30196	0.256087	0.197191	0.244762	
0.231717	0.382334	0.202471	0.183478	
0.168087	0.213365	0.298381	0.320167	
0.361395	0.160753	0.144825	0.333027	
0.299406	0.223614	0.245767	0.231212	
0.227373	0.27593	0.210752	0.285945	
0.204374	0.200505	0.24564	0.34948	

