#INCLUSive Background Model v1.0
#
#Order = 3
#Organism = human
#Sequences = all.tfa
#Path = 
#

#snf
0.195576	0.296641	0.308855	0.198929	

#oligo frequency
0.0140485
0.00950138
0.0154277
0.00894711
0.0112303
0.0135049
0.00745273
0.0102347
0.0159287
0.0215993
0.0227312
0.0106696
0.00552772
0.00858044
0.0109489
0.00944595
0.0117398
0.0140058
0.0242043
0.0105353
0.0197361
0.0316805
0.024134
0.0227312
0.00894711
0.0246221
0.0264299
0.00747191
0.0070818
0.022403
0.0255026
0.0152295
0.0149097
0.0127524
0.0249504
0.0089194
0.0173101
0.0319214
0.0270375
0.0216355
0.0233857
0.0337568
0.0341725
0.0138886
0.00585176
0.0118549
0.0167089
0.00957599
0.00722889
0.00621416
0.00635486
0.00604575
0.0121256
0.0211942
0.0088192
0.0155876
0.0133066
0.0180243
0.0218871
0.0119892
0.00737812
0.0149033
0.012051
0.0160246

#transition matrix
0.294055	0.196341	0.294665	0.214939	
0.293282	0.288097	0.155771	0.262849	
0.277917	0.244722	0.299306	0.178056	
0.213397	0.231579	0.300957	0.254067	
0.223619	0.225714	0.356952	0.193714	
0.241155	0.306521	0.192607	0.259718	
0.173027	0.313056	0.321951	0.191966	
0.123064	0.282126	0.317288	0.277522	
0.284178	0.194919	0.353139	0.167765	
0.207692	0.332008	0.225976	0.234324	
0.278024	0.268502	0.29556	0.157915	
0.144411	0.258812	0.352669	0.244109	
0.33256	0.180975	0.222351	0.264114	
0.254555	0.329174	0.138258	0.278013	
0.247801	0.210866	0.33848	0.202853	
0.173952	0.236014	0.241223	0.348811	
0.268684	0.223478	0.328655	0.179183	
0.253211	0.359327	0.169878	0.217584	
0.202177	0.357459	0.292869	0.147496	
0.117134	0.30268	0.319529	0.260658	
0.191399	0.251625	0.381824	0.175152	
0.201193	0.319889	0.25949	0.219428	
0.133008	0.414089	0.35977	0.0931325	
0.0903001	0.357426	0.35101	0.201264	
0.170376	0.24647	0.464226	0.118928	
0.139636	0.382781	0.294942	0.182641	
0.164734	0.386487	0.349744	0.0990348	
0.0915071	0.340864	0.394052	0.173577	
0.211957	0.310085	0.272645	0.205314	
0.182627	0.39625	0.170573	0.25055	
0.180178	0.331823	0.323766	0.164233	
0.110221	0.367637	0.227611	0.294531	
0.284646	0.192639	0.375216	0.147499	
0.245508	0.30445	0.221662	0.22838	
0.204487	0.299811	0.367114	0.128589	
0.140561	0.234589	0.370592	0.254258	
0.178072	0.197624	0.493503	0.130801	
0.186458	0.319863	0.299287	0.194392	
0.122359	0.338425	0.447012	0.0922042	
0.0911252	0.296949	0.433637	0.178288	
0.233633	0.190354	0.450027	0.125986	
0.163339	0.296478	0.329285	0.210898	
0.225358	0.323045	0.325999	0.125597	
0.144688	0.243669	0.424799	0.186844	
0.288913	0.234949	0.278267	0.197871	
0.225941	0.346056	0.173119	0.254884	
0.216844	0.247657	0.361279	0.17422	
0.14308	0.27433	0.26183	0.320759	
0.346564	0.174467	0.253555	0.225415	
0.284435	0.301309	0.127411	0.286846	
0.258661	0.266398	0.296334	0.178608	
0.186549	0.204602	0.255929	0.35292	
0.194175	0.251898	0.337511	0.216417	
0.198119	0.336772	0.178701	0.286408	
0.130182	0.352727	0.370182	0.146909	
0.115596	0.316859	0.315486	0.252059	
0.25488	0.226811	0.349572	0.168737	
0.216467	0.295473	0.210883	0.277177	
0.228795	0.293438	0.322821	0.154946	
0.134914	0.264302	0.342541	0.258243	
0.296875	0.223669	0.212674	0.266782	
0.213148	0.362423	0.11899	0.30544	
0.197373	0.259496	0.322506	0.220625	
0.167625	0.275451	0.237458	0.319465	

