#INCLUSive Background Model v1.0
#
#Order = 3
#Organism = human
#Sequences = all.tfa
#Path = 
#

#snf
0.241302	0.259623	0.255359	0.243717	

#oligo frequency
0.0226322
0.0117182
0.0182696
0.0152153
0.0160537
0.0144329
0.00475643
0.0131999
0.0190388
0.019199
0.0223329
0.0129723
0.0102979
0.0111266
0.0146561
0.0152284
0.0153588
0.0162926
0.0263866
0.014629
0.0227845
0.0260864
0.0100887
0.0239642
0.00476255
0.00889063
0.00983929
0.00477481
0.0093072
0.0204373
0.0277614
0.0185365
0.0175003
0.0119414
0.0203586
0.0110304
0.0171844
0.0224388
0.00876111
0.0192182
0.0197941
0.021624
0.0240946
0.0134335
0.00792534
0.011341
0.0169446
0.0115485
0.0124113
0.0084583
0.00863158
0.0104746
0.0165972
0.0198755
0.00467329
0.0195797
0.0173069
0.0178819
0.0228186
0.0166409
0.0124332
0.0177375
0.0152801
0.0230295

#transition matrix
0.32946	0.169877	0.242319	0.258344	
0.366899	0.257286	0.0806174	0.295197	
0.28767	0.230502	0.283669	0.198159	
0.250736	0.180385	0.283486	0.285392	
0.23959	0.209511	0.33421	0.216689	
0.29633	0.297182	0.0991419	0.307346	
0.191819	0.26663	0.31288	0.228671	
0.14221	0.236839	0.340597	0.280355	
0.318562	0.175956	0.307785	0.197696	
0.287688	0.311479	0.107197	0.293636	
0.284193	0.250542	0.281589	0.183676	
0.182515	0.229585	0.326167	0.261734	
0.341187	0.18105	0.197268	0.280495	
0.301729	0.288861	0.0737349	0.335675	
0.271958	0.199124	0.276818	0.2521	
0.216152	0.210326	0.193539	0.379983	
0.323551	0.197929	0.294548	0.183971	
0.307224	0.334447	0.107925	0.250404	
0.236253	0.298609	0.301744	0.163393	
0.153592	0.28556	0.269462	0.291386	
0.192388	0.247995	0.373207	0.186411	
0.282238	0.315201	0.131682	0.27088	
0.165884	0.355156	0.329334	0.149626	
0.109774	0.296803	0.364517	0.228906	
0.21042	0.23067	0.404455	0.154455	
0.180615	0.393044	0.197905	0.228436	
0.180651	0.341239	0.349086	0.129024	
0.119927	0.292562	0.397612	0.189899	
0.260718	0.265534	0.237299	0.236449	
0.251783	0.361457	0.0908583	0.295902	
0.202781	0.279022	0.322765	0.195433	
0.136877	0.321781	0.233928	0.307415	
0.322919	0.164599	0.326887	0.185594	
0.322785	0.295776	0.118855	0.262585	
0.25145	0.250195	0.338081	0.160274	
0.171538	0.203552	0.361631	0.263279	
0.202168	0.201657	0.421055	0.17512	
0.253673	0.323459	0.154069	0.268798	
0.146217	0.317854	0.391813	0.144115	
0.114318	0.257868	0.421363	0.20645	
0.278573	0.193098	0.368985	0.159344	
0.247367	0.329051	0.150071	0.273511	
0.251006	0.282025	0.304411	0.162558	
0.159934	0.228197	0.403541	0.208328	
0.301786	0.213026	0.251637	0.233552	
0.293575	0.312485	0.0837015	0.310238	
0.240731	0.221622	0.32641	0.211237	
0.164662	0.252208	0.237363	0.345767	
0.366558	0.159123	0.206371	0.267948	
0.341043	0.285551	0.0762369	0.297168	
0.283415	0.238896	0.268847	0.208843	
0.225197	0.18793	0.231912	0.354961	
0.220619	0.228999	0.315337	0.235045	
0.273753	0.314225	0.0898355	0.322187	
0.192084	0.268805	0.3429	0.196211	
0.132414	0.265547	0.32796	0.274078	
0.285707	0.212489	0.305726	0.196077	
0.263856	0.326209	0.0952732	0.314662	
0.248255	0.259513	0.309326	0.182905	
0.171581	0.234781	0.325565	0.268072	
0.327256	0.195817	0.192778	0.28415	
0.268703	0.320807	0.0592931	0.351197	
0.236721	0.226431	0.279949	0.256898	
0.203598	0.244509	0.228313	0.32358	

