#INCLUSive Background Model v1.0
#
#Order = 3
#Organism = human
#Sequences = all.tfa
#Path = 
#

#snf
0.254298	0.241883	0.246424	0.257395	

#oligo frequency
0.0286698
0.012393
0.0181384
0.0173496
0.0164998
0.0130752
0.00459423
0.0142075
0.0200255
0.0167731
0.0216046
0.014499
0.012956
0.0112192
0.0146036
0.0177281
0.0155834
0.0158788
0.0233083
0.0142151
0.020094
0.0216082
0.00932045
0.0214546
0.0047011
0.00904654
0.00961273
0.00456295
0.0105512
0.0204258
0.0235408
0.0179467
0.0175773
0.0109335
0.0208
0.0116471
0.0156672
0.0193109
0.00935949
0.0168566
0.0190861
0.0194995
0.022198
0.0135243
0.00934168
0.010879
0.0168924
0.0128045
0.0147056
0.00916745
0.0106573
0.0132816
0.0167191
0.018501
0.00466296
0.0199451
0.0171465
0.0158919
0.0209054
0.0173282
0.0149507
0.0173063
0.0162321
0.0300342

#transition matrix
0.402695	0.153532	0.208994	0.234779	
0.366371	0.255647	0.0776405	0.300342	
0.304328	0.2048	0.263578	0.227294	
0.271182	0.182274	0.252672	0.293872	
0.247484	0.215348	0.312317	0.224851	
0.300346	0.292807	0.0945417	0.312306	
0.18816	0.290644	0.293255	0.227941	
0.170165	0.249781	0.297001	0.283053	
0.316038	0.187538	0.297873	0.198551	
0.275781	0.326253	0.112351	0.285615	
0.2812	0.267136	0.256271	0.195394	
0.206256	0.206484	0.325745	0.261514	
0.323077	0.175737	0.191003	0.310183	
0.302815	0.28058	0.0697582	0.346847	
0.262173	0.197302	0.275428	0.265097	
0.227412	0.198313	0.178227	0.396047	
0.351913	0.186529	0.27072	0.190838	
0.308324	0.301936	0.108656	0.281084	
0.238997	0.265887	0.313121	0.181996	
0.187309	0.231848	0.279425	0.301417	
0.207261	0.245649	0.357222	0.189868	
0.303826	0.28294	0.160201	0.253034	
0.165001	0.357466	0.337187	0.140345	
0.122811	0.316361	0.341729	0.219099	
0.212381	0.20261	0.416887	0.168121	
0.170263	0.394126	0.236824	0.198787	
0.183935	0.314959	0.371984	0.129122	
0.122127	0.276501	0.3966	0.204772	
0.287777	0.237422	0.239035	0.235766	
0.2659	0.348082	0.0956029	0.290416	
0.213635	0.252683	0.311714	0.221967	
0.160485	0.269716	0.235328	0.33447	
0.34366	0.163047	0.284944	0.20835	
0.320262	0.27782	0.120254	0.281665	
0.280058	0.215872	0.328789	0.175281	
0.187561	0.221233	0.297726	0.29348	
0.221554	0.214569	0.378487	0.18539	
0.251451	0.292133	0.151113	0.305303	
0.153981	0.320099	0.379948	0.145972	
0.144796	0.254778	0.377914	0.222511	
0.274594	0.167273	0.38279	0.175343	
0.24368	0.282408	0.192424	0.281488	
0.278282	0.259038	0.282775	0.179906	
0.159916	0.225171	0.373244	0.241669	
0.303479	0.167353	0.271517	0.257651	
0.276577	0.285818	0.086473	0.351132	
0.255295	0.20951	0.305822	0.229373	
0.178692	0.221253	0.234509	0.365546	
0.380386	0.150756	0.198355	0.270503	
0.388495	0.2261	0.0645519	0.320853	
0.29172	0.222608	0.252165	0.233507	
0.256073	0.164318	0.208944	0.370665	
0.231068	0.240802	0.301756	0.226375	
0.256727	0.325926	0.0923534	0.324994	
0.184364	0.2978	0.337049	0.180787	
0.153287	0.290521	0.281719	0.274474	
0.292063	0.176991	0.325011	0.205935	
0.299086	0.300229	0.0997959	0.30089	
0.242442	0.236924	0.325963	0.194672	
0.209451	0.206505	0.306581	0.277463	
0.310693	0.18855	0.208802	0.291954	
0.282022	0.296747	0.0570776	0.364154	
0.244781	0.217065	0.269809	0.268345	
0.191381	0.20364	0.194636	0.410342	

