#INCLUSive Background Model v1.0
#
#Order = 3
#Organism = frog
#Sequences = d:\sae\projects\sista.sequence\sequenceviewer\bgModels\epd_xenopus_laevis_499_chromgenes_non_split.tfa
#Path = 
#

#snf
0.2664	0.2454	0.2368	0.2514	

#oligo frequency 
0.0318
0.0146
0.0196
0.0195
0.0176
0.0130
0.0067
0.0138
0.0191
0.0173
0.0188
0.0139
0.0165
0.0123
0.0137
0.0185
0.0185
0.0159
0.0210
0.0148
0.0195
0.0215
0.0117
0.0183
0.0074
0.0123
0.0110
0.0069
0.0110
0.0189
0.0194
0.0172
0.0182
0.0111
0.0184
0.0108
0.0163
0.0187
0.0120
0.0163
0.0166
0.0181
0.0202
0.0118
0.0094
0.0112
0.0148
0.0129
0.0169
0.0095
0.0101
0.0159
0.0169
0.0177
0.0072
0.0182
0.0153
0.0157
0.0168
0.0157
0.0154
0.0176
0.0156
0.0269

#transition matrix
0.3824	0.1663	0.2084	0.2430	
0.3637	0.2350	0.1176	0.2837	
0.2939	0.2121	0.2683	0.2257	
0.2849	0.1890	0.2226	0.3035	
0.2939	0.2306	0.2509	0.2246	
0.3121	0.2960	0.1386	0.2532	
0.2377	0.2518	0.2525	0.2581	
0.2019	0.2551	0.2567	0.2864	
0.3364	0.1726	0.3035	0.1874	
0.2885	0.2933	0.1559	0.2624	
0.2866	0.2479	0.2857	0.1798	
0.2042	0.2223	0.2798	0.2936	
0.3549	0.1549	0.1594	0.3308	
0.3250	0.2671	0.1144	0.2936	
0.2845	0.2015	0.2571	0.2569	
0.2340	0.1948	0.1817	0.3895	
0.3407	0.1979	0.2437	0.2177	
0.3358	0.2874	0.1281	0.2487	
0.2528	0.2952	0.2695	0.1825	
0.2104	0.2444	0.2478	0.2974	
0.2559	0.2430	0.2984	0.2027	
0.2600	0.3112	0.1798	0.2490	
0.1771	0.3841	0.2825	0.1563	
0.1421	0.3144	0.2937	0.2498	
0.2709	0.2028	0.3283	0.1980	
0.1915	0.3509	0.2426	0.2149	
0.1936	0.3178	0.3350	0.1536	
0.1781	0.2749	0.3127	0.2343	
0.2782	0.2117	0.2369	0.2732	
0.2481	0.3325	0.1265	0.2930	
0.2212	0.2977	0.2691	0.2120	
0.1604	0.2881	0.2282	0.3233	
0.3584	0.1667	0.2817	0.1931	
0.3115	0.2647	0.1682	0.2557	
0.2768	0.2480	0.3074	0.1678	
0.2305	0.2105	0.2674	0.2916	
0.2516	0.2044	0.3622	0.1818	
0.2640	0.3036	0.2006	0.2317	
0.1755	0.3318	0.3410	0.1517	
0.1550	0.2696	0.3455	0.2299	
0.2985	0.1919	0.3549	0.1547	
0.2355	0.2791	0.2285	0.2569	
0.2451	0.2774	0.3055	0.1719	
0.1830	0.2248	0.3435	0.2487	
0.3015	0.1897	0.2190	0.2898	
0.2972	0.2875	0.1341	0.2812	
0.2284	0.2349	0.2760	0.2607	
0.1985	0.2303	0.2259	0.3453	
0.4038	0.1516	0.1969	0.2478	
0.3660	0.2173	0.1139	0.3028	
0.2902	0.2391	0.2206	0.2501	
0.3347	0.1690	0.1789	0.3174	
0.2535	0.2262	0.2873	0.2331	
0.2756	0.2994	0.1273	0.2977	
0.2265	0.2971	0.2607	0.2157	
0.1719	0.2900	0.2647	0.2734	
0.3124	0.2046	0.2779	0.2051	
0.3007	0.2728	0.1427	0.2838	
0.2465	0.2632	0.2979	0.1924	
0.2010	0.2284	0.2996	0.2710	
0.3328	0.1832	0.1826	0.3013	
0.2764	0.2808	0.1091	0.3337	
0.2409	0.2350	0.2544	0.2697	
0.2145	0.2252	0.1998	0.3605	

