#INCLUSive Background Model v1.0
#
#Order = 2
#Organism = chicken
#Sequences = d:\sae\projects\sista.sequence\sequenceviewer\bgModels\epd_gallus_gallus_499_chromgenes_non_split.tfa
#Path = 
#

#snf
0.2635	0.2483	0.2399	0.2483	

#oligo frequency 
0.0841
0.0508
0.0690
0.0596
0.0700
0.0724
0.0394
0.0665
0.0583
0.0653
0.0683
0.0479
0.0510
0.0598
0.0633
0.0742

#transition matrix
0.3718	0.1708	0.2313	0.2260	
0.3414	0.2568	0.1346	0.2672	
0.2735	0.2556	0.2740	0.1969	
0.2682	0.2027	0.2270	0.3021	
0.2612	0.2288	0.3019	0.2081	
0.2691	0.3065	0.1712	0.2533	
0.1903	0.3329	0.2973	0.1795	
0.1625	0.2874	0.2932	0.2569	
0.3094	0.1905	0.3186	0.1815	
0.2542	0.2956	0.1972	0.2531	
0.2458	0.2744	0.3071	0.1727	
0.1925	0.2334	0.3103	0.2638	
0.3223	0.1820	0.1936	0.3021	
0.2776	0.2992	0.1221	0.3012	
0.2394	0.2512	0.2646	0.2447	
0.2023	0.2349	0.2067	0.3560	

