#INCLUSive Background Model v1.0
#
#Order = 3
#Organism = rat
#Sequences = d:\sae\projects\sista.sequence\sequenceviewer\bgModels\epd_rattus_norvegicus_499_chromgenes_non_split.tfa
#Path = 
#

#snf
0.2620	0.2492	0.2413	0.2476	

#oligo frequency 
0.0306
0.0142
0.0196
0.0185
0.0173
0.0132
0.0068
0.0136
0.0191
0.0177
0.0193
0.0136
0.0156
0.0120
0.0135
0.0176
0.0181
0.0160
0.0214
0.0145
0.0197
0.0225
0.0122
0.0187
0.0073
0.0129
0.0116
0.0070
0.0109
0.0193
0.0199
0.0172
0.0181
0.0113
0.0189
0.0106
0.0165
0.0193
0.0127
0.0167
0.0171
0.0187
0.0212
0.0120
0.0092
0.0114
0.0150
0.0126
0.0161
0.0093
0.0099
0.0150
0.0166
0.0182
0.0072
0.0182
0.0152
0.0159
0.0170
0.0156
0.0147
0.0174
0.0154
0.0260

#transition matrix
0.3803	0.1675	0.2137	0.2385	
0.3603	0.2378	0.1194	0.2824	
0.2913	0.2126	0.2775	0.2185	
0.2807	0.1934	0.2274	0.2985	
0.2861	0.2323	0.2596	0.2220	
0.3082	0.3009	0.1393	0.2516	
0.2270	0.2579	0.2599	0.2551	
0.1956	0.2607	0.2635	0.2802	
0.3320	0.1739	0.3101	0.1840	
0.2879	0.2936	0.1591	0.2595	
0.2880	0.2455	0.2880	0.1785	
0.2002	0.2274	0.2841	0.2883	
0.3545	0.1567	0.1640	0.3248	
0.3199	0.2761	0.1113	0.2927	
0.2835	0.2036	0.2581	0.2547	
0.2309	0.1968	0.1846	0.3878	
0.3375	0.1997	0.2480	0.2149	
0.3297	0.2913	0.1315	0.2475	
0.2508	0.2998	0.2697	0.1796	
0.2054	0.2487	0.2518	0.2941	
0.2529	0.2447	0.2998	0.2025	
0.2567	0.3150	0.1813	0.2470	
0.1713	0.3925	0.2810	0.1552	
0.1393	0.3169	0.2934	0.2504	
0.2628	0.2036	0.3387	0.1949	
0.1881	0.3525	0.2469	0.2125	
0.1950	0.3184	0.3381	0.1486	
0.1707	0.2773	0.3211	0.2309	
0.2765	0.2139	0.2383	0.2712	
0.2437	0.3363	0.1277	0.2923	
0.2204	0.2991	0.2678	0.2127	
0.1550	0.2935	0.2319	0.3197	
0.3536	0.1680	0.2887	0.1897	
0.3094	0.2695	0.1678	0.2533	
0.2720	0.2536	0.3109	0.1635	
0.2254	0.2130	0.2718	0.2898	
0.2446	0.2081	0.3713	0.1761	
0.2577	0.3069	0.2045	0.2309	
0.1687	0.3338	0.3506	0.1469	
0.1523	0.2734	0.3496	0.2247	
0.2964	0.1916	0.3602	0.1517	
0.2315	0.2738	0.2374	0.2573	
0.2434	0.2753	0.3142	0.1671	
0.1802	0.2289	0.3475	0.2434	
0.2990	0.1951	0.2225	0.2833	
0.2946	0.2930	0.1325	0.2799	
0.2275	0.2388	0.2763	0.2574	
0.1958	0.2368	0.2242	0.3432	
0.4028	0.1515	0.2038	0.2419	
0.3650	0.2226	0.1147	0.2977	
0.2899	0.2412	0.2263	0.2427	
0.3315	0.1720	0.1830	0.3135	
0.2480	0.2275	0.2953	0.2293	
0.2681	0.3039	0.1296	0.2985	
0.2193	0.3008	0.2702	0.2097	
0.1679	0.2879	0.2708	0.2734	
0.3086	0.2081	0.2838	0.1995	
0.2934	0.2780	0.1438	0.2848	
0.2446	0.2605	0.3010	0.1940	
0.1980	0.2320	0.3033	0.2667	
0.3305	0.1853	0.1866	0.2976	
0.2709	0.2874	0.1077	0.3340	
0.2355	0.2353	0.2626	0.2666	
0.2100	0.2285	0.2017	0.3597	

