#INCLUSive Background Model v1.0
#
#Order = 2
#Organism = mouse
#Sequences = d:\sae\projects\sista.sequence\sequenceviewer\bgModels\epd_mus_musculus_499_chromgenes_non_split.tfa
#Path = 
#

#snf
0.2566	0.2531	0.2474	0.2429	

#oligo frequency 
0.0798
0.0500
0.0715
0.0555
0.0698
0.0761
0.0385
0.0686
0.0595
0.0668
0.0729
0.0480
0.0476
0.0602
0.0645
0.0707

#transition matrix
0.3650	0.1715	0.2463	0.2172	
0.3373	0.2651	0.1289	0.2688	
0.2716	0.2525	0.2864	0.1894	
0.2587	0.2072	0.2376	0.2965	
0.2497	0.2289	0.3217	0.1997	
0.2639	0.3137	0.1636	0.2588	
0.1812	0.3391	0.3088	0.1709	
0.1548	0.2893	0.3043	0.2516	
0.3016	0.1936	0.3309	0.1739	
0.2475	0.3032	0.1931	0.2561	
0.2462	0.2704	0.3134	0.1700	
0.1836	0.2404	0.3194	0.2565	
0.3196	0.1851	0.2045	0.2908	
0.2709	0.3116	0.1126	0.3049	
0.2349	0.2492	0.2751	0.2408	
0.1953	0.2440	0.2127	0.3480	

