#INCLUSive Background Model v1.0
#
#Order = 2
#Organism = cow
#Sequences = d:\sae\projects\sista.sequence\sequenceviewer\bgModels\epd_bos_taurus_499_chromgenes_non_split.tfa
#Path = 
#

#snf
0.2621	0.2491	0.2411	0.2477	

#oligo frequency 
0.0829
0.0507
0.0697
0.0588
0.0701
0.0731
0.0387
0.0672
0.0588
0.0651
0.0690
0.0481
0.0503
0.0602
0.0637
0.0735

#transition matrix
0.3688	0.1712	0.2359	0.2241	
0.3400	0.2597	0.1324	0.2678	
0.2737	0.2545	0.2774	0.1944	
0.2660	0.2050	0.2293	0.2998	
0.2578	0.2289	0.3057	0.2076	
0.2692	0.3081	0.1666	0.2561	
0.1890	0.3328	0.2981	0.1801	
0.1614	0.2867	0.2957	0.2562	
0.3072	0.1915	0.3212	0.1801	
0.2533	0.2962	0.1943	0.2563	
0.2485	0.2702	0.3075	0.1738	
0.1901	0.2369	0.3113	0.2616	
0.3205	0.1835	0.1965	0.2996	
0.2769	0.3018	0.1188	0.3025	
0.2395	0.2495	0.2659	0.2451	
0.1999	0.2375	0.2089	0.3537	

