#INCLUSive Background Model v1.0
#
#Order = 2
#Organism = vertebrates
#Sequences = d:\sae\projects\sista.sequence\sequenceviewer\bgModels\epd_vertebrates_499_chromgenes_non_split.tfa
#Path = 
#

#snf
0.2659	0.2462	0.2373	0.2506	

#oligo frequency 
0.0854
0.0511
0.0691
0.0605
0.0702
0.0714
0.0379
0.0666
0.0586
0.0635
0.0669
0.0482
0.0518
0.0602
0.0634
0.0752

#transition matrix
0.3725	0.1705	0.2297	0.2273	
0.3425	0.2560	0.1319	0.2697	
0.2767	0.2508	0.2722	0.2002	
0.2682	0.2027	0.2255	0.3036	
0.2637	0.2278	0.2988	0.2096	
0.2739	0.3043	0.1648	0.2569	
0.1968	0.3274	0.2919	0.1838	
0.1649	0.2853	0.2912	0.2587	
0.3110	0.1900	0.3150	0.1839	
0.2559	0.2964	0.1915	0.2562	
0.2490	0.2717	0.3037	0.1755	
0.1935	0.2336	0.3070	0.2659	
0.3236	0.1812	0.1941	0.3011	
0.2801	0.2963	0.1208	0.3028	
0.2417	0.2468	0.2647	0.2468	
0.2033	0.2346	0.2069	0.3552	

