#INCLUSive Background Model v1.0
#
#Order = 3
#Organism = insects
#Sequences = d:\sae\projects\sista.sequence\sequenceviewer\bgModels\epd_arthropodes_499_chromgenes_non_split.tfa
#Path = 
#

#snf
0.3171	0.2051	0.1817	0.2961	

#oligo frequency 
0.0472
0.0196
0.0194
0.0309
0.0207
0.0117
0.0083
0.0156
0.0173
0.0131
0.0091
0.0158
0.0267
0.0164
0.0164
0.0291
0.0244
0.0153
0.0125
0.0190
0.0161
0.0090
0.0078
0.0108
0.0101
0.0090
0.0066
0.0089
0.0130
0.0144
0.0109
0.0175
0.0199
0.0084
0.0116
0.0133
0.0146
0.0103
0.0085
0.0115
0.0095
0.0095
0.0063
0.0083
0.0123
0.0095
0.0120
0.0160
0.0256
0.0129
0.0119
0.0254
0.0199
0.0127
0.0100
0.0179
0.0162
0.0132
0.0116
0.0169
0.0236
0.0203
0.0188
0.0390

#transition matrix
0.4123	0.1602	0.1565	0.2710	
0.3791	0.2054	0.1331	0.2823	
0.3176	0.2111	0.1782	0.2931	
0.3065	0.1765	0.1822	0.3348	
0.3727	0.2176	0.1433	0.2663	
0.3807	0.2004	0.1670	0.2518	
0.3190	0.2018	0.1927	0.2864	
0.2662	0.2235	0.1790	0.3313	
0.4051	0.1373	0.2275	0.2301	
0.3393	0.2034	0.1851	0.2723	
0.3146	0.2418	0.1980	0.2456	
0.2532	0.1758	0.2257	0.3453	
0.3534	0.1561	0.1329	0.3575	
0.3576	0.2186	0.1585	0.2653	
0.2843	0.1955	0.2145	0.3057	
0.2565	0.1849	0.1669	0.3917	
0.3727	0.2133	0.1737	0.2402	
0.3594	0.2324	0.1380	0.2702	
0.2831	0.2951	0.1467	0.2751	
0.2470	0.2183	0.2120	0.3227	
0.3442	0.2488	0.1477	0.2593	
0.3419	0.2413	0.1648	0.2520	
0.2611	0.3029	0.1955	0.2405	
0.1952	0.2935	0.1827	0.3287	
0.3417	0.1805	0.2221	0.2557	
0.2657	0.2808	0.2011	0.2524	
0.2509	0.3303	0.1648	0.2540	
0.2375	0.2257	0.2538	0.2831	
0.2985	0.1973	0.1981	0.3062	
0.2900	0.2282	0.1582	0.3236	
0.2712	0.3034	0.1846	0.2408	
0.2062	0.2470	0.1982	0.3487	
0.3958	0.1625	0.1978	0.2439	
0.3600	0.1824	0.2151	0.2426	
0.3417	0.2334	0.1795	0.2455	
0.2822	0.2095	0.2148	0.2935	
0.3233	0.1881	0.2402	0.2485	
0.3675	0.1859	0.2442	0.2024	
0.2682	0.2900	0.2176	0.2241	
0.2340	0.2296	0.2444	0.2920	
0.3629	0.1531	0.2334	0.2507	
0.3091	0.2450	0.2150	0.2308	
0.2601	0.2585	0.2205	0.2609	
0.2437	0.1785	0.2780	0.2998	
0.3210	0.1740	0.1829	0.3222	
0.3444	0.2031	0.2105	0.2420	
0.2686	0.2256	0.2135	0.2923	
0.2245	0.1849	0.2223	0.3683	
0.4204	0.1404	0.1509	0.2882	
0.3675	0.1964	0.1354	0.3007	
0.3093	0.2206	0.1473	0.3227	
0.3465	0.1566	0.1521	0.3448	
0.3226	0.2059	0.1861	0.2855	
0.3769	0.2016	0.1459	0.2757	
0.3147	0.2478	0.1643	0.2732	
0.2258	0.2868	0.1816	0.3058	
0.3692	0.1680	0.1975	0.2653	
0.3625	0.2097	0.1686	0.2591	
0.2899	0.3007	0.1735	0.2358	
0.2499	0.1921	0.2292	0.3288	
0.3502	0.1692	0.1498	0.3308	
0.3261	0.1942	0.1547	0.3249	
0.2871	0.2154	0.1897	0.3078	
0.2291	0.1968	0.1752	0.3988	

