#INCLUSive Background Model v1.0
#
#Order = 2
#Organism = echinoderm
#Sequences = d:\sae\projects\sista.sequence\sequenceviewer\bgModels\epd_echinoderm_499_non_split.tfa
#Path = 
#

#snf
0.2929	0.2232	0.2010	0.2828	

#oligo frequency 
0.0955
0.0592
0.0544
0.0838
0.0720
0.0490
0.0456
0.0566
0.0595
0.0487
0.0426
0.0501
0.0663
0.0664
0.0581
0.0922

#transition matrix
0.3405	0.1919	0.2063	0.2614	
0.3253	0.2169	0.2126	0.2453	
0.3117	0.2366	0.2357	0.2160	
0.2558	0.2333	0.1985	0.3124	
0.3196	0.2140	0.1644	0.3019	
0.2862	0.2508	0.2081	0.2549	
0.2771	0.2626	0.1877	0.2726	
0.2162	0.2811	0.2027	0.3000	
0.3187	0.1761	0.2466	0.2586	
0.3365	0.2170	0.1939	0.2526	
0.2818	0.2386	0.2242	0.2554	
0.2726	0.2279	0.2167	0.2828	
0.3182	0.2260	0.1245	0.3313	
0.3372	0.2005	0.2035	0.2588	
0.3084	0.2373	0.1960	0.2583	
0.2067	0.2101	0.2067	0.3765	

