#INCLUSive Background Model v1.0
#
#Order = 3
#Organism = cow
#Sequences = d:\sae\projects\sista.sequence\sequenceviewer\bgModels\epd_bos_taurus_499_chromgenes_non_split.tfa
#Path = 
#

#snf
0.2621	0.2491	0.2411	0.2477	

#oligo frequency 
0.0306
0.0142
0.0196
0.0186
0.0172
0.0132
0.0067
0.0136
0.0191
0.0177
0.0193
0.0136
0.0157
0.0121
0.0135
0.0176
0.0181
0.0160
0.0214
0.0146
0.0197
0.0225
0.0122
0.0187
0.0073
0.0129
0.0115
0.0070
0.0109
0.0193
0.0199
0.0172
0.0181
0.0113
0.0189
0.0106
0.0165
0.0193
0.0126
0.0167
0.0171
0.0186
0.0212
0.0120
0.0091
0.0114
0.0150
0.0126
0.0162
0.0092
0.0099
0.0151
0.0167
0.0182
0.0072
0.0182
0.0152
0.0159
0.0169
0.0156
0.0147
0.0175
0.0154
0.0260

#transition matrix
0.3796	0.1674	0.2139	0.2391	
0.3605	0.2386	0.1185	0.2824	
0.2916	0.2127	0.2783	0.2173	
0.2814	0.1935	0.2257	0.2994	
0.2862	0.2317	0.2602	0.2219	
0.3079	0.3010	0.1391	0.2520	
0.2263	0.2577	0.2607	0.2553	
0.1959	0.2602	0.2633	0.2806	
0.3316	0.1741	0.3096	0.1847	
0.2883	0.2944	0.1578	0.2595	
0.2884	0.2455	0.2871	0.1790	
0.1991	0.2286	0.2848	0.2874	
0.3540	0.1555	0.1625	0.3280	
0.3200	0.2765	0.1100	0.2936	
0.2846	0.2040	0.2574	0.2540	
0.2310	0.1969	0.1836	0.3885	
0.3375	0.1989	0.2488	0.2147	
0.3293	0.2925	0.1307	0.2475	
0.2511	0.3004	0.2696	0.1789	
0.2053	0.2485	0.2521	0.2941	
0.2521	0.2455	0.2996	0.2028	
0.2568	0.3158	0.1811	0.2463	
0.1717	0.3923	0.2811	0.1550	
0.1391	0.3168	0.2938	0.2504	
0.2623	0.2039	0.3397	0.1941	
0.1884	0.3523	0.2468	0.2124	
0.1949	0.3187	0.3383	0.1481	
0.1697	0.2790	0.3200	0.2313	
0.2770	0.2136	0.2374	0.2720	
0.2444	0.3365	0.1270	0.2922	
0.2207	0.2995	0.2671	0.2127	
0.1551	0.2936	0.2321	0.3192	
0.3529	0.1673	0.2892	0.1906	
0.3081	0.2704	0.1677	0.2538	
0.2721	0.2528	0.3116	0.1636	
0.2240	0.2130	0.2719	0.2910	
0.2446	0.2075	0.3716	0.1763	
0.2582	0.3075	0.2040	0.2303	
0.1684	0.3339	0.3509	0.1469	
0.1517	0.2730	0.3504	0.2249	
0.2966	0.1911	0.3607	0.1516	
0.2318	0.2743	0.2367	0.2572	
0.2438	0.2749	0.3145	0.1668	
0.1805	0.2290	0.3466	0.2439	
0.2997	0.1939	0.2215	0.2849	
0.2953	0.2924	0.1316	0.2807	
0.2277	0.2377	0.2764	0.2581	
0.1958	0.2374	0.2241	0.3426	
0.4023	0.1511	0.2033	0.2432	
0.3659	0.2218	0.1139	0.2983	
0.2904	0.2410	0.2264	0.2422	
0.3346	0.1713	0.1819	0.3122	
0.2476	0.2277	0.2952	0.2295	
0.2682	0.3038	0.1294	0.2986	
0.2188	0.3008	0.2704	0.2101	
0.1682	0.2876	0.2709	0.2733	
0.3088	0.2082	0.2836	0.1994	
0.2919	0.2783	0.1431	0.2866	
0.2449	0.2595	0.3018	0.1937	
0.1984	0.2314	0.3038	0.2664	
0.3297	0.1852	0.1871	0.2980	
0.2721	0.2872	0.1070	0.3338	
0.2359	0.2354	0.2624	0.2663	
0.2107	0.2287	0.2021	0.3586	

