#INCLUSive Background Model v1.0
#
#Order = 3
#Organism = plants
#Sequences = d:\sae\projects\sista.sequence\sequenceviewer\bgModels\epd_plants_499_chromgenes_non_split.tfa
#Path = 
#

#snf
0.3299	0.2042	0.1638	0.3021	

#oligo frequency 
0.0511
0.0197
0.0201
0.0323
0.0223
0.0135
0.0067
0.0156
0.0183
0.0112
0.0087
0.0152
0.0299
0.0184
0.0179
0.0294
0.0265
0.0177
0.0096
0.0214
0.0185
0.0096
0.0062
0.0123
0.0067
0.0061
0.0049
0.0071
0.0147
0.0162
0.0078
0.0187
0.0181
0.0074
0.0108
0.0134
0.0128
0.0087
0.0048
0.0097
0.0091
0.0078
0.0060
0.0082
0.0123
0.0089
0.0104
0.0148
0.0274
0.0134
0.0129
0.0283
0.0214
0.0149
0.0073
0.0199
0.0156
0.0109
0.0116
0.0159
0.0251
0.0199
0.0180
0.0398

#transition matrix
0.4355	0.1491	0.1536	0.2617	
0.3953	0.2351	0.0944	0.2752	
0.3696	0.1794	0.1745	0.2765	
0.3223	0.1766	0.1772	0.3238	
0.3851	0.2325	0.1176	0.2649	
0.4211	0.2106	0.1277	0.2406	
0.2566	0.1932	0.2183	0.3319	
0.3193	0.2328	0.1355	0.3123	
0.4029	0.1147	0.2239	0.2585	
0.3924	0.2099	0.0948	0.3029	
0.3486	0.2160	0.1954	0.2400	
0.3007	0.1650	0.1944	0.3399	
0.3397	0.1500	0.1234	0.3869	
0.3599	0.2311	0.1175	0.2915	
0.2911	0.1913	0.2320	0.2856	
0.2797	0.1670	0.1623	0.3910	
0.3735	0.2120	0.1735	0.2411	
0.3835	0.2493	0.1224	0.2448	
0.2971	0.3002	0.1366	0.2660	
0.2313	0.2462	0.2313	0.2912	
0.3455	0.2791	0.1044	0.2710	
0.3542	0.2562	0.1281	0.2615	
0.2290	0.3032	0.2000	0.2677	
0.2169	0.3331	0.1194	0.3306	
0.3191	0.2088	0.1956	0.2765	
0.2419	0.3425	0.2321	0.1834	
0.2576	0.3205	0.1582	0.2637	
0.2375	0.2444	0.2639	0.2542	
0.2872	0.1905	0.1993	0.3230	
0.2927	0.2725	0.1219	0.3129	
0.2688	0.2879	0.1936	0.2497	
0.1997	0.2593	0.1917	0.3493	
0.4102	0.1464	0.2086	0.2348	
0.3928	0.1957	0.1744	0.2370	
0.3716	0.1826	0.1945	0.2514	
0.3080	0.1965	0.2260	0.2696	
0.3645	0.1969	0.1645	0.2741	
0.4016	0.1832	0.1877	0.2275	
0.2427	0.3050	0.1992	0.2531	
0.2804	0.2371	0.1835	0.2990	
0.3587	0.1543	0.2315	0.2554	
0.2990	0.2506	0.1603	0.2901	
0.2529	0.2099	0.2661	0.2711	
0.2159	0.1689	0.2702	0.3450	
0.3274	0.1694	0.1984	0.3048	
0.3656	0.2522	0.1544	0.2278	
0.2726	0.1945	0.2402	0.2927	
0.2557	0.1729	0.2063	0.3652	
0.4173	0.1397	0.1412	0.3018	
0.3638	0.2264	0.1054	0.3044	
0.3116	0.2134	0.1366	0.3384	
0.3648	0.1696	0.1468	0.3189	
0.3174	0.2243	0.1353	0.3230	
0.4032	0.1809	0.1075	0.3084	
0.3407	0.2060	0.1717	0.2816	
0.2173	0.3122	0.1249	0.3457	
0.3391	0.1616	0.2112	0.2882	
0.4249	0.2129	0.0992	0.2630	
0.2846	0.2675	0.1675	0.2803	
0.2667	0.2062	0.2112	0.3159	
0.3559	0.1609	0.1546	0.3286	
0.3410	0.1987	0.0879	0.3724	
0.3039	0.1818	0.1939	0.3204	
0.2338	0.1903	0.1651	0.4108	

