#INCLUSive Background Model v1.0
#
#Order = 2
#Organism = human
#Sequences = d:\sae\projects\sista.sequence\sequenceviewer\bgModels\epd_homo_sapiens_499_chromgenes_non_split.tfa
#Path = 
#

#snf
0.2570	0.2534	0.2465	0.2432	

#oligo frequency 
0.0802
0.0500
0.0707
0.0561
0.0697
0.0764
0.0392
0.0681
0.0591
0.0670
0.0725
0.0478
0.0479
0.0601
0.0641
0.0711

#transition matrix
0.3675	0.1709	0.2422	0.2194	
0.3361	0.2650	0.1314	0.2675	
0.2702	0.2539	0.2864	0.1895	
0.2602	0.2070	0.2346	0.2982	
0.2511	0.2299	0.3179	0.2011	
0.2624	0.3156	0.1659	0.2561	
0.1822	0.3388	0.3070	0.1720	
0.1543	0.2901	0.3038	0.2518	
0.3011	0.1934	0.3306	0.1749	
0.2472	0.3041	0.1954	0.2532	
0.2453	0.2723	0.3136	0.1688	
0.1841	0.2403	0.3192	0.2564	
0.3208	0.1837	0.2004	0.2951	
0.2717	0.3110	0.1147	0.3026	
0.2353	0.2508	0.2733	0.2406	
0.1967	0.2417	0.2110	0.3505	

