#INCLUSive Background Model v1.0
#
#Order = 2
#Organism = rat
#Sequences = d:\sae\projects\sista.sequence\sequenceviewer\bgModels\epd_rattus_norvegicus_499_chromgenes_non_split.tfa
#Path = 
#

#snf
0.2620	0.2492	0.2413	0.2476	

#oligo frequency 
0.0829
0.0508
0.0697
0.0587
0.0701
0.0730
0.0388
0.0672
0.0588
0.0652
0.0690
0.0482
0.0503
0.0602
0.0637
0.0735

#transition matrix
0.3693	0.1716	0.2357	0.2234	
0.3403	0.2591	0.1330	0.2676	
0.2734	0.2545	0.2771	0.1951	
0.2651	0.2053	0.2301	0.2996	
0.2581	0.2289	0.3056	0.2074	
0.2691	0.3077	0.1669	0.2564	
0.1892	0.3328	0.2979	0.1801	
0.1615	0.2870	0.2954	0.2561	
0.3072	0.1915	0.3212	0.1800	
0.2533	0.2958	0.1951	0.2559	
0.2481	0.2706	0.3075	0.1738	
0.1904	0.2365	0.3113	0.2617	
0.3205	0.1842	0.1973	0.2979	
0.2762	0.3019	0.1197	0.3022	
0.2390	0.2494	0.2664	0.2452	
0.1996	0.2373	0.2089	0.3541	

