#INCLUSive Background Model v1.0
#
#Order = 3
#Organism = human
#Sequences = hs_upstreamcr_mm.tfa
#Path = 
#

#snf
0.240491	0.259198	0.259002	0.24131	

#oligo frequency
0.0218662
0.0115558
0.0179272
0.015196
0.0162978
0.0138013
0.00540706
0.0129578
0.0187207
0.0193439
0.0217138
0.0129614
0.0105674
0.0115512
0.0149987
0.0151594
0.0154193
0.0167669
0.0262417
0.0150247
0.0222059
0.0229672
0.011884
0.0218105
0.00561608
0.0111236
0.0119807
0.00537438
0.00864945
0.0200596
0.0263445
0.0181713
0.0175855
0.0116411
0.0199051
0.0114703
0.0179121
0.0224598
0.0111661
0.0194113
0.0194451
0.022477
0.0229882
0.0138729
0.00844306
0.0117514
0.0166896
0.0116588
0.0119424
0.00842457
0.00872449
0.0105409
0.017015
0.0195699
0.00561221
0.0189296
0.0169392
0.0179846
0.022287
0.0163242
0.0119428
0.0176355
0.0154851
0.022099

#transition matrix
0.317669	0.175437	0.249041	0.257853	
0.365708	0.249314	0.0896762	0.295302	
0.292886	0.223268	0.27864	0.205207	
0.245469	0.188471	0.282817	0.283243	
0.235795	0.224992	0.318672	0.220541	
0.31031	0.265286	0.115255	0.30915	
0.199018	0.272505	0.298975	0.229503	
0.141006	0.240808	0.332873	0.285313	
0.32296	0.17665	0.298709	0.20168	
0.288593	0.297942	0.128045	0.28542	
0.285624	0.251851	0.266092	0.196433	
0.187747	0.231505	0.314042	0.266705	
0.325318	0.179474	0.205844	0.289364	
0.310091	0.280122	0.0814707	0.328317	
0.272474	0.208609	0.279211	0.239707	
0.211398	0.214294	0.202761	0.371547	
0.325	0.193403	0.280018	0.201579	
0.317013	0.316173	0.1231	0.243714	
0.225668	0.311499	0.298693	0.16414	
0.162987	0.285761	0.268594	0.282658	
0.195527	0.243546	0.370884	0.190043	
0.27776	0.299241	0.173433	0.249566	
0.15909	0.371182	0.334321	0.135407	
0.104421	0.30426	0.359966	0.231354	
0.204345	0.224343	0.404009	0.167303	
0.181186	0.375183	0.219529	0.224101	
0.179997	0.357499	0.328593	0.133911	
0.127605	0.304694	0.378861	0.18884	
0.263731	0.262697	0.226672	0.246901	
0.252288	0.355674	0.112061	0.279978	
0.199121	0.287857	0.316138	0.196885	
0.134565	0.321734	0.240734	0.302967	
0.316332	0.167143	0.331044	0.185481	
0.328709	0.275163	0.140904	0.255224	
0.25382	0.258032	0.332118	0.15603	
0.169054	0.211024	0.371362	0.248559	
0.196112	0.208861	0.422818	0.172209	
0.26493	0.304691	0.186624	0.243754	
0.144882	0.326771	0.399932	0.128415	
0.105468	0.265356	0.420731	0.208446	
0.282749	0.187541	0.36287	0.166839	
0.236844	0.317975	0.188126	0.257055	
0.241739	0.297722	0.299465	0.161074	
0.171567	0.236809	0.383508	0.208116	
0.288619	0.214996	0.271774	0.224611	
0.291767	0.314324	0.108104	0.285806	
0.232223	0.225045	0.324505	0.218228	
0.1582	0.251023	0.257666	0.333111	
0.368894	0.154974	0.20274	0.273392	
0.345991	0.281885	0.0804891	0.291635	
0.28787	0.235894	0.259819	0.216418	
0.231462	0.186045	0.228465	0.354028	
0.219772	0.231461	0.305976	0.242791	
0.285789	0.282569	0.109442	0.3222	
0.184192	0.281199	0.340815	0.193795	
0.131454	0.268798	0.317719	0.282029	
0.2913	0.203595	0.296041	0.209063	
0.277794	0.29806	0.112799	0.311347	
0.250849	0.266178	0.287935	0.195039	
0.180641	0.234103	0.323059	0.262198	
0.317031	0.202873	0.192342	0.287754	
0.278618	0.309946	0.0658626	0.345574	
0.24086	0.227018	0.282322	0.2498	
0.200402	0.253814	0.228731	0.317053	

