#MotifLabMotif   (inspired by INCLUSive Motif Model v1.0)
#Collection=Jaspar FAM
#
#ID = MF0001
#Short = ETS 
#Long = ETS class
#W = 8
#Class = 3.5.2
#Transfac-class = C0016
61.750	8.490	15.180	14.580
10.410	68.200	17.270	4.130
22.860	65.250	8.300	3.590
1.920	0.500	94.770	2.810
1.550	0.350	97.320	0.780
98.600	0.250	0.870	0.280
86.660	2.570	0	10.770
23.490	8.710	64	3.800

#ID = MF0002
#Short = bZIP CREB/G-box-like subclass
#Long = Basic Leucine Zipper (CREB/G-box-like subclass)
#W = 6
#Class = 1.1.2
#Transfac-class = C0008
0	0	0	100
0.740	0	96.970	2.290
100	0	0	0
0	94.060	1.480	4.460
0	0	100	0
2.060	10.320	0	87.610

#ID = MF0003
#Short = REL 
#Long = REL class
#W = 10
#Class = 4.1
#Transfac-class = C0020
0	10.460	79.710	9.830
0	2.260	90.850	6.890
1.420	0	93.760	4.820
29.190	2.260	54.490	14.060
42.350	16.160	15.200	26.290
19.440	3.270	4.150	73.140
1.420	5.500	2.730	90.350
2.840	27.040	0	70.120
2.160	90.670	0	7.170
4.110	91.170	1.280	3.440

#ID = MF0004
#Short = Nuclear Receptor 
#Long = Nuclear receptor class
#W = 6
#Class = 2.1
#Transfac-class = C0002
48.870	3.500	37.100	10.530
3.160	0.690	86.630	9.520
5.580	2.360	80.060	11.990
14.550	4.740	6.770	73.940
13.160	77.720	4.080	5.040
74.360	17.390	6.620	1.630

#ID = MF0005
#Short = Forkhead 
#Long = Forkhead class
#W = 9
#Class = 3.3
#Transfac-class = C0023
3.060	2.420	0	94.520
24.600	0	74.290	1.110
0	1.790	0.770	97.440
0.350	1.030	0	98.630
1.350	0	8.650	90
76.100	0	20.650	3.250
2.220	40.680	6.370	50.730
16.920	10.320	22.620	50.140
6.650	20.280	11.580	61.490

#ID = MF0006
#Short = bZIP cEBP-like subclass
#Long = Basic Leucine Zipper (cEBP-like subclass)
#W = 9
#Class = 1.1.3
#Transfac-class = C0008
60.010	8.660	28.620	2.710
2.710	3.090	1.250	92.950
0	1.350	6.030	92.610
40.480	0	54.170	5.350
3.480	77.620	2.850	16.050
50.270	4.210	42.670	2.850
15.680	20.620	4.650	59.040
65.180	20.730	5.800	8.290
72.660	7.490	4.370	15.490

#ID = MF0007
#Short = bHLH(zip)
#Long = Basic Helix-Loop-Helix + Leucine Zipper 
#W = 8
#Class = 1.3
#Transfac-class = C0012
61.350	12.120	22.970	3.560
21.780	35.060	26.550	16.600
3.740	90.950	1.480	3.820
83.860	1.160	8.640	6.330
4.030	65.160	21.070	9.750
5.810	25.730	67.790	0.670
5.060	4.130	0.180	90.630
2.850	0	94.960	2.190

#ID = MF0008
#Short = MADS
#Long = MADS (Mcm1, Agamous, Deficiens, Srf)
#W = 10
#Class = 4.4
#Transfac-class = C0014
3.180	91.040	1.760	4.020
1.110	49.380	1.340	48.170
70.030	7.460	3.750	18.750
17.720	5.190	5.340	71.750
52.730	0.890	1.100	45.280
16.400	0.440	0.440	82.720
53.030	2	3.580	41.390
17.940	4.990	3.290	73.780
28.120	0	70.370	1.510
5.370	1.780	84.550	8.300

#ID = MF0009
#Short = TRP(MYB) class
#Long = Tryptophan clusters
#W = 8
#Class = 3.5
#Transfac-class = C0022
33.730	2.900	6.350	57.030
25.740	4.350	36.620	33.280
34.150	3.850	20.980	41.020
5.830	70.790	5.330	18.060
26.400	19.910	47.120	6.570
1.500	20.560	71.640	6.300
2.330	1	0	96.670
1.800	1.520	1.200	95.480

#ID = MF0010
#Short = Homeobox class
#Long = Homeo domain factors
#W = 7
#Class = 3.1
#Transfac-class = C0006
75.210	8.160	6.440	10.190
60.100	3.430	14.290	22.170
5.250	4.650	3.440	86.670
65.220	2.270	21.190	11.320
80.830	1.860	10.820	6.490
7.910	0.980	7.170	83.940
12.700	7.910	8.040	71.350

#ID = MF0011
#Short = HMG class
#Long = High Mobility Group
#W = 6
#Class = 4.7
#Transfac-class = C0015
60.430	9	0	30.580
1.680	6.340	14.030	77.940
1.610	4.960	0.920	92.510
11.290	6.650	74.530	7.530
12.280	8.380	3.140	76.200
10.050	17.540	10.700	61.710

