#INCLUSive Background Model v1.0
#
#Order = 3
#Organism = mouse
#Sequences = all_mouse_syn.tfa
#Path = 
#

#snf
0.239977	0.261157	0.259627	0.239239	

#oligo frequency
0.0225512
0.012015
0.0188604
0.0145887
0.0161986
0.0133193
0.0051775
0.0133869
0.0198358
0.0196019
0.0225349
0.0133323
0.00989986
0.0107822
0.0131688
0.0145499
0.0152798
0.0163753
0.0255834
0.0136399
0.0213165
0.0245305
0.0121202
0.0222444
0.0054794
0.0120658
0.0124175
0.00527393
0.00952628
0.0215221
0.0247778
0.0190818
0.0177722
0.0117486
0.0210474
0.0105756
0.0170035
0.0216738
0.0123469
0.0191803
0.0200504
0.0220862
0.0248273
0.013326
0.0080652
0.0122727
0.0154557
0.0120655
0.0124935
0.00792199
0.00987751
0.00959956
0.0164018
0.0206174
0.00560743
0.0200457
0.0158438
0.0164612
0.0205485
0.0159069
0.0123864
0.0180385
0.0153713
0.0223435

#transition matrix
0.315656	0.18379	0.263604	0.236949	
0.358034	0.25665	0.0913605	0.293955	
0.282716	0.232569	0.284163	0.200552	
0.240822	0.202	0.274258	0.282919	
0.235074	0.229305	0.33178	0.20384	
0.288417	0.293063	0.118248	0.300272	
0.183923	0.293547	0.291291	0.23124	
0.145608	0.255665	0.313407	0.285321	
0.309407	0.183884	0.327953	0.178755	
0.278447	0.309482	0.131019	0.281051	
0.27901	0.257835	0.291529	0.171626	
0.179359	0.256472	0.299472	0.264697	
0.342231	0.178048	0.220131	0.259589	
0.294556	0.289784	0.0777385	0.337922	
0.266744	0.209876	0.280687	0.242694	
0.214969	0.220115	0.196379	0.368537	
0.335279	0.184188	0.286715	0.193817	
0.321258	0.300574	0.119961	0.258207	
0.247452	0.294489	0.291106	0.166953	
0.171735	0.274497	0.253328	0.30044	
0.207568	0.246491	0.36611	0.179831	
0.264761	0.307608	0.171911	0.255719	
0.154573	0.385276	0.333888	0.126262	
0.115207	0.321324	0.320148	0.243321	
0.216654	0.215104	0.403047	0.165195	
0.172988	0.365373	0.251626	0.210012	
0.193147	0.329103	0.342699	0.135051	
0.125413	0.307223	0.351879	0.215484	
0.278741	0.220821	0.27928	0.221158	
0.235318	0.359245	0.109245	0.296193	
0.209554	0.275753	0.302403	0.21229	
0.143489	0.307323	0.243193	0.305995	
0.32405	0.170058	0.328153	0.177739	
0.334184	0.261708	0.130738	0.273369	
0.256976	0.250168	0.335308	0.157548	
0.176887	0.212655	0.340543	0.269915	
0.2092	0.205926	0.417117	0.167757	
0.259352	0.302454	0.183412	0.254782	
0.138693	0.334394	0.400203	0.12671	
0.121177	0.278215	0.374359	0.226249	
0.295216	0.178246	0.373637	0.152901	
0.230815	0.285481	0.214745	0.26896	
0.256481	0.271986	0.307691	0.163842	
0.163811	0.249266	0.351557	0.235366	
0.296092	0.199361	0.296191	0.208357	
0.286328	0.306488	0.103164	0.30402	
0.233384	0.214871	0.321434	0.230311	
0.16695	0.255481	0.242779	0.33479	
0.364092	0.164647	0.218694	0.252567	
0.341565	0.280464	0.0747325	0.303238	
0.280691	0.246956	0.272184	0.200169	
0.22643	0.192671	0.220653	0.360247	
0.214084	0.237997	0.32439	0.22353	
0.260065	0.312766	0.115119	0.31205	
0.169117	0.310604	0.34457	0.17571	
0.134322	0.278528	0.312833	0.274318	
0.28712	0.212292	0.306433	0.194155	
0.265339	0.297139	0.121906	0.315616	
0.244083	0.265353	0.309183	0.181381	
0.177851	0.245423	0.308573	0.268152	
0.327435	0.196624	0.21459	0.26135	
0.256872	0.331885	0.0644714	0.346772	
0.229535	0.231141	0.28659	0.252734	
0.201155	0.262984	0.221374	0.314487	

