#INCLUSive Background Model v1.0
#
#Order = 2
#Organism = salmonella
#Sequences = /users/sista/thijs/matlab/IntergenicSalmo.tfa
#Path = 
#

#snf
0.2902	0.2096	0.2095	0.2907	

#oligo frequency 
0.1592
0.0625
0.0565
0.0947
0.0706
0.0283
0.0363
0.0464
0.0444
0.0464
0.0121
0.0585
0.1008
0.0444
0.0565
0.0826

#transition matrix
0.3804	0.1803	0.1624	0.2769	
0.3209	0.2131	0.2470	0.2190	
0.2668	0.2515	0.2590	0.2227	
0.2806	0.1977	0.1953	0.3264	
0.2737	0.1918	0.2538	0.2807	
0.2435	0.2182	0.2641	0.2741	
0.2034	0.3102	0.2326	0.2538	
0.1815	0.2000	0.3110	0.3076	
0.3206	0.1839	0.1984	0.2971	
0.2615	0.2296	0.2773	0.2316	
0.2657	0.2816	0.2095	0.2432	
0.2505	0.1910	0.2189	0.3396	
0.3648	0.1785	0.1239	0.3328	
0.3445	0.2114	0.1887	0.2554	
0.3034	0.2431	0.1824	0.2711	
0.2659	0.1749	0.1675	0.3917	

