#INCLUSive Background Model v1.0
#
#Order = 4
#Organism = salmonella
#Sequences = /users/sista/thijs/matlab/IntergenicSalmo.tfa
#Path = 
#

#snf
0.2902	0.2096	0.2095	0.2907	

#oligo frequency 
0.0120
0.0088
0.0056
0.0248
0.0136
0.0008
0.0040
0.0072
0.0056
0.0040
0.0008
0.0056
0.0120
0.0072
0.0072
0.0168
0.0056
0.0024
0.0120
0.0056
0.0008
0.0008
0.0024
0.0056
0.0040
0.0056
0.0008
0.0056
0.0072
0.0008
0.0008
0.0008
0.0024
0.0024
0.0024
0.0024
0.0040
0.0024
0.0040
0.0056
0.0056
0.0024
0.0008
0.0008
0.0072
0.0040
0.0040
0.0072
0.0088
0.0024
0.0040
0.0088
0.0088
0.0040
0.0056
0.0024
0.0072
0.0072
0.0008
0.0056
0.0072
0.0024
0.0040
0.0088
0.0120
0.0056
0.0024
0.0072
0.0024
0.0024
0.0024
0.0008
0.0024
0.0040
0.0056
0.0072
0.0040
0.0040
0.0040
0.0008
0.0072
0.0008
0.0024
0.0008
0.0008
0.0008
0.0008
0.0024
0.0008
0.0008
0.0024
0.0008
0.0056
0.0008
0.0072
0.0008
0.0056
0.0008
0.0008
0.0024
0.0040
0.0024
0.0008
0.0024
0.0024
0.0024
0.0008
0.0008
0.0088
0.0024
0.0008
0.0040
0.0136
0.0040
0.0040
0.0024
0.0008
0.0008
0.0008
0.0008
0.0040
0.0024
0.0008
0.0040
0.0024
0.0024
0.0008
0.0056
0.0072
0.0024
0.0040
0.0024
0.0040
0.0024
0.0024
0.0008
0.0008
0.0008
0.0008
0.0024
0.0056
0.0040
0.0072
0.0008
0.0072
0.0024
0.0008
0.0024
0.0056
0.0008
0.0008
0.0024
0.0024
0.0008
0.0008
0.0056
0.0088
0.0008
0.0008
0.0072
0.0024
0.0024
0.0008
0.0040
0.0008
0.0008
0.0024
0.0024
0.0008
0.0008
0.0008
0.0008
0.0008
0.0008
0.0008
0.0008
0.0104
0.0056
0.0072
0.0008
0.0024
0.0024
0.0024
0.0024
0.0040
0.0008
0.0008
0.0024
0.0072
0.0040
0.0024
0.0040
0.0216
0.0088
0.0040
0.0088
0.0056
0.0040
0.0072
0.0008
0.0008
0.0072
0.0024
0.0072
0.0024
0.0056
0.0024
0.0040
0.0072
0.0024
0.0040
0.0040
0.0040
0.0024
0.0008
0.0040
0.0024
0.0024
0.0024
0.0040
0.0024
0.0008
0.0024
0.0024
0.0056
0.0040
0.0008
0.0088
0.0040
0.0040
0.0024
0.0072
0.0008
0.0008
0.0008
0.0008
0.0072
0.0024
0.0024
0.0056
0.0104
0.0056
0.0024
0.0024
0.0056
0.0040
0.0024
0.0024
0.0040
0.0072
0.0008
0.0040
0.0040
0.0056
0.0088
0.0088

#transition matrix
0.3849	0.1693	0.1729	0.2729	
0.3396	0.2211	0.2625	0.1768	
0.2762	0.2533	0.2474	0.2231	
0.3283	0.1932	0.2044	0.2741	
0.3328	0.1734	0.2300	0.2638	
0.2751	0.2143	0.2502	0.2603	
0.2423	0.2919	0.2207	0.2451	
0.2185	0.2212	0.2599	0.3004	
0.3360	0.1541	0.2482	0.2617	
0.2948	0.2054	0.3281	0.1717	
0.3236	0.2414	0.2127	0.2223	
0.2635	0.1777	0.2592	0.2995	
0.4144	0.1538	0.1439	0.2879	
0.3942	0.2018	0.1909	0.2131	
0.3205	0.2267	0.1850	0.2678	
0.3049	0.1752	0.1669	0.3530	
0.3506	0.2106	0.1487	0.2901	
0.3003	0.2095	0.2047	0.2855	
0.2704	0.2039	0.3322	0.1934	
0.2521	0.2429	0.1567	0.3482	
0.2186	0.2272	0.2723	0.2819	
0.2141	0.2012	0.2905	0.2942	
0.1905	0.3001	0.2364	0.2730	
0.1232	0.2313	0.3492	0.2963	
0.2969	0.2223	0.1638	0.3170	
0.2396	0.2656	0.2139	0.2810	
0.2514	0.2896	0.2147	0.2443	
0.2402	0.2092	0.1606	0.3899	
0.3100	0.2064	0.0530	0.4306	
0.3225	0.2581	0.1528	0.2665	
0.3009	0.2207	0.2327	0.2457	
0.2493	0.1920	0.1347	0.4241	
0.4067	0.1518	0.1781	0.2633	
0.3506	0.1820	0.2590	0.2083	
0.3117	0.1823	0.2825	0.2236	
0.3234	0.1550	0.2233	0.2983	
0.3304	0.1698	0.2262	0.2736	
0.2888	0.1745	0.2626	0.2741	
0.2211	0.2873	0.2176	0.2741	
0.2622	0.1736	0.2378	0.3264	
0.3284	0.1155	0.2983	0.2578	
0.2771	0.1926	0.3042	0.2260	
0.3133	0.2121	0.2416	0.2330	
0.2804	0.1499	0.2277	0.3420	
0.4115	0.1428	0.1365	0.3092	
0.3887	0.1676	0.1909	0.2527	
0.3608	0.1718	0.1794	0.2880	
0.3352	0.1469	0.1981	0.3198	
0.3794	0.2010	0.1563	0.2632	
0.2693	0.2438	0.2228	0.2640	
0.2459	0.3396	0.1284	0.2861	
0.2628	0.2079	0.1618	0.3675	
0.2760	0.2102	0.2334	0.2805	
0.2260	0.2448	0.2660	0.2632	
0.1849	0.3037	0.2132	0.2982	
0.1509	0.2142	0.3316	0.3033	
0.3262	0.2002	0.1761	0.2975	
0.2272	0.2760	0.2383	0.2585	
0.2537	0.3244	0.1718	0.2501	
0.2266	0.1847	0.2395	0.3492	
0.3641	0.1851	0.0967	0.3541	
0.3764	0.1929	0.1696	0.2611	
0.3162	0.2641	0.1260	0.2937	
0.2673	0.1718	0.1511	0.4098	
0.4311	0.1504	0.1637	0.2548	
0.3617	0.1999	0.2601	0.1783	
0.2755	0.2309	0.3001	0.1934	
0.3471	0.1731	0.2085	0.2714	
0.3285	0.1906	0.2198	0.2610	
0.2913	0.1877	0.2409	0.2802	
0.2468	0.3189	0.2153	0.2190	
0.2318	0.1940	0.2544	0.3197	
0.3685	0.2151	0.1573	0.2591	
0.3124	0.2436	0.3056	0.1385	
0.3200	0.2861	0.1894	0.2045	
0.2888	0.1935	0.2496	0.2680	
0.4155	0.1783	0.1400	0.2662	
0.3821	0.2269	0.1763	0.2147	
0.3349	0.2388	0.1848	0.2414	
0.2742	0.1774	0.1760	0.3724	
0.3766	0.2568	0.0674	0.2991	
0.2938	0.2443	0.2052	0.2567	
0.2558	0.2442	0.2939	0.2061	
0.2502	0.2564	0.1590	0.3344	
0.2248	0.2354	0.2240	0.3159	
0.2271	0.2135	0.2708	0.2886	
0.1925	0.3045	0.2806	0.2224	
0.1477	0.1943	0.3238	0.3342	
0.3308	0.2323	0.0882	0.3487	
0.2288	0.2970	0.2058	0.2684	
0.3002	0.2574	0.2329	0.2096	
0.2324	0.2299	0.1777	0.3600	
0.3202	0.3159	0.0203	0.3436	
0.2796	0.2564	0.1596	0.3045	
0.3177	0.2420	0.1930	0.2472	
0.2408	0.2072	0.1406	0.4114	
0.3752	0.1464	0.2227	0.2557	
0.3524	0.1617	0.2822	0.2036	
0.2646	0.2120	0.2588	0.2646	
0.3401	0.1624	0.2137	0.2839	
0.3141	0.1655	0.2652	0.2552	
0.3320	0.1810	0.2495	0.2375	
0.2134	0.3339	0.1912	0.2615	
0.2621	0.1695	0.2550	0.3134	
0.2660	0.1589	0.2407	0.3344	
0.3258	0.1553	0.3186	0.2003	
0.2608	0.2774	0.2118	0.2500	
0.2963	0.1602	0.2173	0.3262	
0.4229	0.1365	0.1661	0.2745	
0.3828	0.1562	0.2204	0.2406	
0.3383	0.2058	0.1947	0.2612	
0.3179	0.1427	0.1892	0.3501	
0.4045	0.1920	0.1424	0.2611	
0.3241	0.2308	0.2322	0.2130	
0.2048	0.3896	0.1044	0.3012	
0.2516	0.2234	0.1695	0.3555	
0.2466	0.2546	0.2045	0.2943	
0.1974	0.2673	0.2187	0.3166	
0.1571	0.4256	0.1178	0.2995	
0.1606	0.2543	0.2387	0.3464	
0.3327	0.2315	0.1357	0.3000	
0.2193	0.2699	0.2714	0.2393	
0.2847	0.3514	0.1166	0.2474	
0.2385	0.2178	0.1986	0.3451	
0.2998	0.2028	0.1110	0.3863	
0.3093	0.2344	0.1955	0.2608	
0.2627	0.3726	0.0483	0.3163	
0.2269	0.1959	0.1466	0.4306	
0.3939	0.1608	0.1824	0.2629	
0.3489	0.2168	0.2521	0.1822	
0.2831	0.2223	0.2665	0.2281	
0.3265	0.1742	0.2128	0.2865	
0.3251	0.1617	0.2619	0.2513	
0.2898	0.1917	0.2500	0.2685	
0.2484	0.2988	0.2248	0.2279	
0.2383	0.1977	0.2837	0.2803	
0.3744	0.1512	0.2305	0.2439	
0.3178	0.1842	0.3145	0.1835	
0.3063	0.2208	0.1961	0.2767	
0.2970	0.1790	0.2355	0.2885	
0.4408	0.1482	0.1496	0.2613	
0.3036	0.1659	0.2673	0.2632	
0.3201	0.2208	0.2069	0.2522	
0.2911	0.1541	0.1735	0.3813	
0.3783	0.2022	0.1527	0.2668	
0.3540	0.2141	0.2090	0.2229	
0.2745	0.2388	0.2936	0.1931	
0.2793	0.2141	0.1599	0.3467	
0.1819	0.1786	0.3350	0.3046	
0.1711	0.2538	0.3193	0.2557	
0.1819	0.3210	0.2659	0.2312	
0.1198	0.1703	0.4134	0.2965	
0.3026	0.2183	0.1874	0.2917	
0.2580	0.2583	0.2096	0.2742	
0.1973	0.3254	0.2306	0.2468	
0.2533	0.2032	0.1894	0.3541	
0.3388	0.2012	0.0494	0.4106	
0.3572	0.2200	0.1724	0.2503	
0.2886	0.2313	0.2248	0.2553	
0.2682	0.1722	0.1425	0.4171	
0.3905	0.1518	0.2037	0.2540	
0.4000	0.0963	0.2888	0.2150	
0.3359	0.1999	0.2215	0.2426	
0.3632	0.1078	0.2591	0.2699	
0.3396	0.1347	0.2426	0.2831	
0.2096	0.1593	0.2867	0.3444	
0.2306	0.2775	0.2443	0.2477	
0.2411	0.1277	0.3006	0.3306	
0.3179	0.1100	0.2439	0.3283	
0.2999	0.1318	0.3294	0.2389	
0.2992	0.2751	0.2148	0.2109	
0.3221	0.1248	0.2228	0.3304	
0.4185	0.1104	0.1695	0.3016	
0.4162	0.1045	0.2107	0.2687	
0.3528	0.1945	0.2150	0.2377	
0.2962	0.1493	0.2041	0.3503	
0.3947	0.1793	0.1681	0.2580	
0.3097	0.2048	0.2423	0.2432	
0.2477	0.3123	0.1895	0.2505	
0.2650	0.1961	0.1926	0.3462	
0.2148	0.2073	0.2755	0.3024	
0.2351	0.2156	0.2946	0.2546	
0.1733	0.3295	0.2260	0.2712	
0.1715	0.1895	0.3789	0.2601	
0.3098	0.1935	0.1996	0.2971	
0.2280	0.2196	0.2649	0.2875	
0.2144	0.2869	0.1867	0.3120	
0.2558	0.1784	0.2266	0.3392	
0.3535	0.1787	0.1078	0.3599	
0.3495	0.2146	0.1759	0.2600	
0.2708	0.2683	0.1449	0.3159	
0.2388	0.1713	0.1489	0.4411	
0.4131	0.1524	0.1561	0.2784	
0.3113	0.2131	0.2782	0.1974	
0.2624	0.2723	0.2624	0.2030	
0.2742	0.1926	0.2145	0.3188	
0.2785	0.2132	0.2548	0.2536	
0.2295	0.2376	0.2608	0.2721	
0.1870	0.3306	0.2347	0.2478	
0.1707	0.2244	0.2975	0.3074	
0.3068	0.1900	0.2342	0.2690	
0.2705	0.2174	0.3479	0.1642	
0.1616	0.3083	0.2608	0.2693	
0.2334	0.1915	0.2722	0.3030	
0.3605	0.1844	0.1604	0.2947	
0.3281	0.2396	0.2094	0.2229	
0.2686	0.2556	0.2136	0.2623	
0.2407	0.1799	0.1912	0.3882	
0.3303	0.2120	0.1418	0.3159	
0.3195	0.2349	0.1979	0.2478	
0.2450	0.2170	0.3458	0.1922	
0.2103	0.2414	0.1787	0.3696	
0.1369	0.1957	0.3484	0.3190	
0.1698	0.2702	0.2751	0.2849	
0.1445	0.2643	0.3620	0.2293	
0.0700	0.2261	0.4105	0.2934	
0.3208	0.2144	0.1296	0.3352	
0.2320	0.2877	0.2166	0.2637	
0.1900	0.2785	0.2903	0.2412	
0.1899	0.2319	0.1948	0.3833	
0.2702	0.2393	0.0267	0.4638	
0.2857	0.2708	0.1452	0.2983	
0.2703	0.2359	0.2323	0.2615	
0.2376	0.1998	0.1424	0.4202	
0.3666	0.1601	0.1665	0.3067	
0.3200	0.1654	0.2862	0.2283	
0.2688	0.2409	0.2558	0.2344	
0.2988	0.1159	0.2550	0.3304	
0.3473	0.1583	0.2239	0.2705	
0.2578	0.1802	0.3083	0.2537	
0.1982	0.3481	0.2117	0.2419	
0.2400	0.1693	0.2959	0.2948	
0.3181	0.1373	0.2503	0.2944	
0.2623	0.1240	0.3867	0.2270	
0.2393	0.2150	0.2838	0.2619	
0.2581	0.1551	0.2280	0.3588	
0.3897	0.1403	0.1765	0.2935	
0.3412	0.1773	0.2270	0.2545	
0.3616	0.2145	0.1891	0.2347	
0.2846	0.1599	0.2054	0.3500	
0.3190	0.2216	0.1407	0.3187	
0.2828	0.2496	0.2375	0.2301	
0.2035	0.3886	0.1668	0.2411	
0.2054	0.2379	0.1725	0.3842	
0.2096	0.2177	0.2638	0.3090	
0.2164	0.2736	0.2214	0.2886	
0.1869	0.3091	0.2231	0.2809	
0.1388	0.2282	0.3226	0.3105	
0.2834	0.1898	0.1754	0.3514	
0.2409	0.2583	0.2474	0.2533	
0.1639	0.3529	0.1953	0.2880	
0.2060	0.2148	0.2219	0.3573	
0.2840	0.2124	0.1175	0.3861	
0.3247	0.2169	0.1701	0.2883	
0.2376	0.2999	0.1377	0.3248	
0.2517	0.1816	0.1658	0.4009	

