#INCLUSive Background Model v1.0
#
#Order = 3
#Organism = salmonella
#Sequences = /users/sista/thijs/matlab/IntergenicSalmo.tfa
#Path = 
#

#snf
0.2902	0.2096	0.2095	0.2907	

#oligo frequency 
0.0620
0.0281
0.0162
0.0500
0.0301
0.0082
0.0162
0.0082
0.0082
0.0162
0.0082
0.0241
0.0261
0.0222
0.0222
0.0241
0.0301
0.0062
0.0202
0.0122
0.0102
0.0022
0.0022
0.0142
0.0082
0.0082
0.0042
0.0162
0.0261
0.0003
0.0102
0.0102
0.0162
0.0082
0.0022
0.0182
0.0122
0.0082
0.0082
0.0182
0.0082
0.0042
0.0003
0.0003
0.0261
0.0082
0.0062
0.0182
0.0500
0.0182
0.0182
0.0142
0.0182
0.0102
0.0102
0.0062
0.0202
0.0182
0.0003
0.0182
0.0222
0.0142
0.0162
0.0301

#transition matrix
0.4014	0.1606	0.1685	0.2694	
0.3361	0.2146	0.2655	0.1838	
0.2737	0.2486	0.2630	0.2147	
0.3164	0.1865	0.2093	0.2877	
0.3176	0.1834	0.2415	0.2576	
0.2682	0.2127	0.2506	0.2685	
0.2313	0.3076	0.2242	0.2368	
0.2123	0.2105	0.2740	0.3032	
0.3498	0.1769	0.2153	0.2580	
0.2962	0.2158	0.3255	0.1624	
0.3018	0.2604	0.2058	0.2320	
0.2709	0.1860	0.2534	0.2897	
0.4068	0.1656	0.1486	0.2790	
0.3554	0.2163	0.2054	0.2229	
0.3087	0.2357	0.1976	0.2580	
0.2736	0.1742	0.1779	0.3743	
0.3563	0.2145	0.1379	0.2913	
0.3163	0.2258	0.2033	0.2546	
0.2607	0.2241	0.3194	0.1957	
0.2446	0.2386	0.1649	0.3519	
0.1888	0.2055	0.3020	0.3037	
0.1950	0.2364	0.2876	0.2810	
0.1776	0.2988	0.2852	0.2383	
0.1138	0.2047	0.3771	0.3044	
0.3097	0.2222	0.1497	0.3183	
0.2410	0.2752	0.2113	0.2724	
0.2391	0.2886	0.2379	0.2344	
0.2311	0.2174	0.1811	0.3704	
0.3126	0.2290	0.0406	0.4178	
0.3075	0.2542	0.1561	0.2823	
0.2945	0.2338	0.2190	0.2527	
0.2492	0.1926	0.1403	0.4180	
0.3842	0.1537	0.1877	0.2743	
0.3471	0.1578	0.2793	0.2158	
0.2992	0.2093	0.2534	0.2382	
0.3272	0.1319	0.2406	0.3002	
0.3324	0.1571	0.2402	0.2703	
0.2823	0.1761	0.2753	0.2663	
0.2167	0.3093	0.2179	0.2562	
0.2510	0.1611	0.2741	0.3139	
0.3094	0.1290	0.2623	0.2993	
0.2898	0.1521	0.3364	0.2217	
0.2807	0.2465	0.2344	0.2385	
0.2866	0.1489	0.2239	0.3405	
0.4092	0.1324	0.1631	0.2953	
0.3755	0.1575	0.2146	0.2524	
0.3545	0.1976	0.1938	0.2541	
0.3054	0.1505	0.1992	0.3448	
0.3646	0.2028	0.1518	0.2808	
0.2883	0.2389	0.2329	0.2400	
0.2304	0.3502	0.1543	0.2650	
0.2378	0.2213	0.1720	0.3689	
0.2376	0.2192	0.2472	0.2960	
0.2177	0.2548	0.2447	0.2828	
0.1785	0.3290	0.2039	0.2886	
0.1521	0.2231	0.3170	0.3077	
0.3126	0.2037	0.1709	0.3128	
0.2293	0.2598	0.2535	0.2574	
0.2384	0.3298	0.1620	0.2697	
0.2275	0.2015	0.2215	0.3495	
0.3222	0.1967	0.1090	0.3721	
0.3396	0.2130	0.1752	0.2722	
0.2705	0.2921	0.1237	0.3137	
0.2492	0.1798	0.1562	0.4149	

