#INCLUSive Background Model v1.0
#
#Order = 2
#Organism = yeast
#Sequences = /users/sista/thijs/scratch/Yeast/yeast_up800.tfa
#Path = 
#

#snf
0.3216	0.1826	0.1768	0.3190	

#oligo frequency 
0.1812
0.0069
0.0244
0.2544
0.0088
0.0081
0.0100
0.0106
0.0263
0.0056
0.0150
0.0150
0.2519
0.0163
0.0125
0.1531

#transition matrix
0.4126	0.1514	0.1847	0.2514	
0.3487	0.1859	0.1705	0.2949	
0.3387	0.1999	0.1927	0.2687	
0.3437	0.1677	0.1633	0.3253	
0.3464	0.1836	0.1806	0.2894	
0.3158	0.1973	0.1666	0.3204	
0.2854	0.2260	0.1935	0.2952	
0.2407	0.1894	0.1870	0.3829	
0.4072	0.1454	0.1858	0.2616	
0.3326	0.1936	0.1787	0.2951	
0.3198	0.2151	0.1915	0.2735	
0.3056	0.1590	0.1983	0.3371	
0.3057	0.1813	0.1603	0.3526	
0.3148	0.1912	0.1513	0.3427	
0.3025	0.2097	0.1849	0.3029	
0.2203	0.1953	0.1687	0.4157	

