#INCLUSive Background Model v1.0
#
#Order = 3
#Organism = human
#Sequences = all.tfa
#Path = 
#

#snf
0.227987	0.270402	0.270936	0.230675	

#oligo frequency
0.020134
0.011073
0.0174425
0.013391
0.0146499
0.0141628
0.00554117
0.0123369
0.0181337
0.0198976
0.0224488
0.0123021
0.00890955
0.0103856
0.0135771
0.0135455
0.0143055
0.0156271
0.0257514
0.0134375
0.0218973
0.0277145
0.0141765
0.0236053
0.00598044
0.0134692
0.0146679
0.00555978
0.00865951
0.0210094
0.027104
0.017574
0.0167464
0.0121774
0.021695
0.010416
0.017221
0.0251986
0.0140803
0.0199218
0.0208394
0.0251552
0.0270277
0.013566
0.00732184
0.0114906
0.016876
0.0109744
0.010903
0.00780516
0.00796896
0.00918564
0.0152958
0.0202593
0.00587993
0.0184178
0.0161427
0.0179233
0.0225475
0.0152871
0.010962
0.0169126
0.0143403
0.0209908

#transition matrix
0.322249	0.175267	0.252981	0.249503	
0.348535	0.264972	0.0993646	0.287128	
0.285157	0.234166	0.287698	0.192979	
0.243475	0.190341	0.286884	0.2793	
0.236022	0.213131	0.33929	0.211556	
0.281033	0.299771	0.125055	0.294141	
0.18447	0.284785	0.316427	0.214318	
0.137586	0.247776	0.334968	0.27967	
0.30976	0.180811	0.319396	0.190034	
0.262469	0.317951	0.144643	0.274937	
0.282373	0.25584	0.28571	0.176076	
0.172916	0.236948	0.332843	0.257294	
0.339627	0.181036	0.201804	0.277533	
0.290392	0.298549	0.0892407	0.321818	
0.266284	0.201882	0.291301	0.240532	
0.207586	0.21554	0.203218	0.373655	
0.310445	0.204032	0.302695	0.182828	
0.293145	0.340933	0.124073	0.241849	
0.226926	0.314717	0.299315	0.159042	
0.145267	0.289469	0.280894	0.28437	
0.192128	0.248948	0.375469	0.183455	
0.255324	0.316757	0.174125	0.253793	
0.149603	0.384342	0.344407	0.121648	
0.10432	0.31378	0.360735	0.221165	
0.193008	0.23754	0.430444	0.139007	
0.15883	0.387588	0.249491	0.204091	
0.172316	0.364934	0.349431	0.11332	
0.108812	0.311452	0.39622	0.183516	
0.249101	0.276147	0.24572	0.229032	
0.230352	0.372239	0.115561	0.281848	
0.196587	0.29349	0.323039	0.186883	
0.130154	0.333345	0.232335	0.304166	
0.313009	0.171859	0.339401	0.175731	
0.299238	0.298419	0.150182	0.252162	
0.235719	0.266814	0.347806	0.14966	
0.163817	0.211288	0.363865	0.261031	
0.195123	0.200478	0.442237	0.162162	
0.228926	0.322135	0.207536	0.241403	
0.132894	0.329341	0.422637	0.115128	
0.106991	0.270215	0.425241	0.197553	
0.263896	0.192202	0.395454	0.148449	
0.214592	0.316346	0.219974	0.249089	
0.241571	0.297114	0.312353	0.148962	
0.15539	0.232809	0.409878	0.201924	
0.298799	0.218114	0.257817	0.225271	
0.27329	0.322554	0.11052	0.293636	
0.233852	0.22912	0.336451	0.200577	
0.159173	0.257834	0.243585	0.339407	
0.362695	0.162088	0.215488	0.25973	
0.327939	0.289199	0.0880829	0.294779	
0.27766	0.245289	0.275237	0.201814	
0.21779	0.191126	0.236515	0.35457	
0.21451	0.234289	0.32046	0.230741	
0.250739	0.321086	0.116876	0.3113	
0.16508	0.305415	0.354801	0.174704	
0.128269	0.278193	0.324886	0.268652	
0.278323	0.21592	0.316229	0.189529	
0.249991	0.317216	0.129097	0.303695	
0.242759	0.269096	0.313138	0.175008	
0.163195	0.241533	0.329448	0.265824	
0.321293	0.201284	0.196683	0.280741	
0.25444	0.331491	0.0746186	0.33945	
0.227095	0.23452	0.29036	0.248024	
0.195608	0.251382	0.230344	0.322666	

