#INCLUSive Background Model v1.0
#
#Order = 3
#Organism = human
#Sequences = all_400bp.tfa
#Path = 
#

#snf
0.229813	0.270505	0.268604	0.231078	

#oligo frequency
0.0237045
0.0114955
0.0167159
0.0140394
0.0147771
0.0133197
0.00590211
0.0125748
0.0182334
0.017845
0.0223396
0.0125286
0.0103191
0.00981048
0.0120873
0.0140985
0.0139654
0.0158677
0.0236095
0.0120873
0.0200027
0.0291099
0.0163332
0.0225671
0.00619853
0.0169733
0.0161739
0.00607524
0.00919813
0.021908
0.0234888
0.0169486
0.0163496
0.0116003
0.0215659
0.00976785
0.0159484
0.0251388
0.0170041
0.0179596
0.0201424
0.0250669
0.0285854
0.0131512
0.00753677
0.0115874
0.0156746
0.0114929
0.0119522
0.00762667
0.00917399
0.0104352
0.0147879
0.0204676
0.00616308
0.0184291
0.0147237
0.0161945
0.0198984
0.0145526
0.0121104
0.0164909
0.0139634
0.0241602

#transition matrix
0.37859	0.168397	0.223509	0.229504	
0.346559	0.267698	0.102937	0.282807	
0.288718	0.219266	0.285481	0.206535	
0.265887	0.202119	0.250596	0.281398	
0.239702	0.234823	0.31707	0.208406	
0.259047	0.327747	0.1362	0.277006	
0.158423	0.332374	0.288755	0.220448	
0.159016	0.260289	0.30292	0.277776	
0.302155	0.190658	0.331554	0.175633	
0.242752	0.338213	0.162942	0.256093	
0.265599	0.274783	0.297605	0.162013	
0.185045	0.236211	0.322297	0.256447	
0.333466	0.174124	0.193149	0.299261	
0.287156	0.295985	0.0839815	0.332878	
0.262532	0.217215	0.27088	0.249372	
0.213409	0.213665	0.187591	0.385334	
0.339221	0.196327	0.270964	0.193488	
0.295585	0.316541	0.135498	0.252376	
0.227976	0.290981	0.317078	0.163966	
0.173622	0.249084	0.276126	0.301167	
0.204402	0.261133	0.370811	0.163655	
0.237364	0.316468	0.215011	0.231157	
0.134352	0.422366	0.332777	0.110506	
0.112681	0.34434	0.329005	0.213974	
0.194899	0.233198	0.43466	0.137244	
0.150635	0.39488	0.280462	0.174023	
0.176356	0.338385	0.379744	0.105515	
0.111959	0.33011	0.358694	0.199237	
0.273811	0.238444	0.265809	0.221936	
0.219039	0.379951	0.123728	0.277283	
0.200732	0.287793	0.31414	0.197335	
0.149607	0.304196	0.227235	0.318962	
0.335182	0.169828	0.315237	0.179753	
0.287744	0.289565	0.163943	0.258748	
0.254934	0.24356	0.35092	0.150585	
0.186781	0.215529	0.311847	0.285842	
0.199218	0.221835	0.418177	0.16077	
0.202374	0.340249	0.213732	0.243644	
0.128432	0.349336	0.402428	0.119805	
0.116188	0.293151	0.38278	0.207882	
0.276979	0.181005	0.401851	0.140165	
0.193566	0.297272	0.270359	0.238804	
0.243381	0.293721	0.311192	0.151706	
0.140777	0.250949	0.371688	0.236586	
0.294399	0.17903	0.287363	0.239208	
0.257337	0.32484	0.123533	0.29429	
0.231444	0.225166	0.328677	0.214713	
0.172822	0.236958	0.236913	0.353308	
0.378844	0.16582	0.208028	0.247308	
0.362507	0.24561	0.0875203	0.304363	
0.278625	0.227142	0.278062	0.216171	
0.255636	0.177594	0.209906	0.356864	
0.213415	0.245266	0.326754	0.214564	
0.222969	0.34209	0.14124	0.293702	
0.142953	0.350534	0.35521	0.151303	
0.139333	0.303029	0.292104	0.265534	
0.275071	0.206618	0.321697	0.196614	
0.260448	0.305641	0.15878	0.275131	
0.221279	0.255097	0.34809	0.175533	
0.184584	0.228377	0.314479	0.27256	
0.311759	0.187965	0.211126	0.28915	
0.254075	0.332261	0.0720352	0.341629	
0.228099	0.231932	0.287915	0.252055	
0.189395	0.23172	0.195768	0.383117	

