#INCLUSive Background Model v1.0
#
#Order = 3
#Organism = vertebrates
#Sequences = d:\sae\projects\sista.sequence\sequenceviewer\bgModels\epd_vertebrates_499_chromgenes_non_split.tfa
#Path = 
#

#snf
0.2659	0.2462	0.2373	0.2506	

#oligo frequency 
0.0318
0.0146
0.0196
0.0194
0.0175
0.0131
0.0067
0.0138
0.0191
0.0173
0.0188
0.0138
0.0162
0.0123
0.0137
0.0184
0.0185
0.0160
0.0210
0.0147
0.0196
0.0217
0.0118
0.0184
0.0075
0.0124
0.0111
0.0070
0.0110
0.0190
0.0194
0.0172
0.0182
0.0111
0.0184
0.0108
0.0162
0.0188
0.0122
0.0163
0.0167
0.0182
0.0203
0.0117
0.0093
0.0113
0.0148
0.0128
0.0168
0.0094
0.0101
0.0156
0.0169
0.0178
0.0073
0.0182
0.0153
0.0156
0.0168
0.0156
0.0153
0.0176
0.0156
0.0267

#transition matrix
0.3828	0.1663	0.2083	0.2427	
0.3627	0.2364	0.1178	0.2831	
0.2949	0.2125	0.2678	0.2247	
0.2835	0.1907	0.2228	0.3031	
0.2944	0.2320	0.2511	0.2225	
0.3114	0.2961	0.1396	0.2528	
0.2382	0.2515	0.2548	0.2555	
0.2007	0.2562	0.2566	0.2865	
0.3367	0.1730	0.3036	0.1867	
0.2881	0.2940	0.1565	0.2613	
0.2883	0.2456	0.2867	0.1793	
0.2034	0.2232	0.2807	0.2927	
0.3559	0.1547	0.1605	0.3289	
0.3221	0.2689	0.1150	0.2940	
0.2851	0.2011	0.2567	0.2570	
0.2325	0.1971	0.1826	0.3879	
0.3401	0.1981	0.2440	0.2177	
0.3337	0.2887	0.1289	0.2487	
0.2531	0.2958	0.2694	0.1817	
0.2082	0.2467	0.2472	0.2979	
0.2557	0.2444	0.2983	0.2017	
0.2589	0.3113	0.1805	0.2493	
0.1766	0.3851	0.2829	0.1554	
0.1415	0.3151	0.2937	0.2496	
0.2713	0.2040	0.3278	0.1969	
0.1909	0.3511	0.2432	0.2147	
0.1931	0.3185	0.3356	0.1529	
0.1781	0.2755	0.3125	0.2339	
0.2783	0.2124	0.2371	0.2722	
0.2482	0.3328	0.1266	0.2923	
0.2211	0.2981	0.2691	0.2117	
0.1594	0.2895	0.2289	0.3222	
0.3590	0.1676	0.2815	0.1920	
0.3112	0.2653	0.1694	0.2541	
0.2763	0.2479	0.3077	0.1681	
0.2291	0.2110	0.2682	0.2917	
0.2511	0.2052	0.3630	0.1807	
0.2638	0.3057	0.2005	0.2300	
0.1743	0.3327	0.3414	0.1515	
0.1538	0.2710	0.3453	0.2298	
0.2969	0.1919	0.3555	0.1557	
0.2332	0.2802	0.2307	0.2559	
0.2451	0.2777	0.3065	0.1707	
0.1823	0.2262	0.3440	0.2475	
0.3033	0.1887	0.2195	0.2884	
0.2959	0.2878	0.1349	0.2813	
0.2290	0.2343	0.2770	0.2598	
0.1975	0.2316	0.2255	0.3454	
0.4041	0.1508	0.1979	0.2471	
0.3629	0.2188	0.1147	0.3036	
0.2915	0.2381	0.2204	0.2500	
0.3325	0.1701	0.1791	0.3184	
0.2531	0.2263	0.2876	0.2330	
0.2752	0.3001	0.1270	0.2977	
0.2281	0.2962	0.2591	0.2166	
0.1720	0.2897	0.2652	0.2731	
0.3128	0.2031	0.2796	0.2045	
0.2981	0.2747	0.1439	0.2834	
0.2463	0.2630	0.2989	0.1918	
0.2000	0.2294	0.3003	0.2703	
0.3341	0.1830	0.1833	0.2995	
0.2758	0.2816	0.1090	0.3336	
0.2415	0.2347	0.2552	0.2686	
0.2144	0.2270	0.1996	0.3591	

