#INCLUSive Background Model v1.0
#
#Order = 3
#Organism = chicken
#Sequences = d:\sae\projects\sista.sequence\sequenceviewer\bgModels\epd_gallus_gallus_499_chromgenes_non_split.tfa
#Path = 
#

#snf
0.2635	0.2483	0.2399	0.2483	

#oligo frequency 
0.0313
0.0144
0.0195
0.0190
0.0173
0.0130
0.0068
0.0136
0.0189
0.0176
0.0189
0.0136
0.0160
0.0121
0.0135
0.0180
0.0183
0.0160
0.0211
0.0146
0.0195
0.0222
0.0124
0.0183
0.0075
0.0131
0.0117
0.0071
0.0108
0.0191
0.0195
0.0171
0.0180
0.0111
0.0186
0.0106
0.0166
0.0193
0.0129
0.0165
0.0168
0.0187
0.0210
0.0118
0.0092
0.0112
0.0149
0.0126
0.0165
0.0093
0.0099
0.0154
0.0166
0.0179
0.0073
0.0180
0.0151
0.0159
0.0167
0.0155
0.0150
0.0174
0.0153
0.0264

#transition matrix
0.3827	0.1662	0.2099	0.2412	
0.3612	0.2360	0.1203	0.2826	
0.2928	0.2134	0.2723	0.2215	
0.2841	0.1912	0.2236	0.3012	
0.2911	0.2308	0.2556	0.2224	
0.3105	0.2975	0.1423	0.2498	
0.2320	0.2534	0.2610	0.2536	
0.1993	0.2557	0.2600	0.2850	
0.3355	0.1727	0.3074	0.1845	
0.2881	0.2920	0.1624	0.2575	
0.2862	0.2489	0.2877	0.1773	
0.2034	0.2227	0.2835	0.2904	
0.3562	0.1545	0.1606	0.3287	
0.3222	0.2704	0.1152	0.2922	
0.2833	0.2032	0.2595	0.2540	
0.2323	0.1962	0.1830	0.3885	
0.3397	0.1980	0.2450	0.2174	
0.3311	0.2912	0.1326	0.2451	
0.2499	0.3020	0.2680	0.1801	
0.2074	0.2455	0.2506	0.2965	
0.2555	0.2445	0.2977	0.2023	
0.2538	0.3149	0.1856	0.2457	
0.1712	0.3937	0.2802	0.1549	
0.1397	0.3186	0.2922	0.2495	
0.2649	0.2051	0.3336	0.1964	
0.1869	0.3538	0.2475	0.2119	
0.1898	0.3230	0.3388	0.1484	
0.1744	0.2746	0.3187	0.2322	
0.2787	0.2116	0.2336	0.2761	
0.2443	0.3363	0.1285	0.2908	
0.2205	0.3022	0.2666	0.2107	
0.1579	0.2926	0.2271	0.3224	
0.3567	0.1677	0.2848	0.1908	
0.3106	0.2661	0.1714	0.2520	
0.2720	0.2550	0.3095	0.1635	
0.2280	0.2099	0.2702	0.2918	
0.2452	0.2088	0.3687	0.1773	
0.2576	0.3055	0.2113	0.2257	
0.1695	0.3352	0.3502	0.1451	
0.1519	0.2747	0.3496	0.2238	
0.2978	0.1906	0.3600	0.1515	
0.2327	0.2752	0.2389	0.2531	
0.2409	0.2788	0.3144	0.1660	
0.1810	0.2244	0.3496	0.2451	
0.2997	0.1934	0.2207	0.2863	
0.2939	0.2913	0.1357	0.2791	
0.2264	0.2414	0.2763	0.2559	
0.1967	0.2321	0.2259	0.3453	
0.4044	0.1524	0.1980	0.2452	
0.3650	0.2182	0.1166	0.3002	
0.2887	0.2412	0.2226	0.2476	
0.3334	0.1711	0.1794	0.3161	
0.2519	0.2284	0.2891	0.2306	
0.2700	0.3032	0.1319	0.2949	
0.2193	0.3010	0.2680	0.2116	
0.1686	0.2908	0.2666	0.2740	
0.3111	0.2059	0.2801	0.2030	
0.2972	0.2757	0.1455	0.2816	
0.2452	0.2637	0.2984	0.1928	
0.2001	0.2304	0.3004	0.2691	
0.3316	0.1838	0.1833	0.3014	
0.2733	0.2837	0.1104	0.3326	
0.2378	0.2376	0.2560	0.2686	
0.2133	0.2261	0.1995	0.3611	

