#INCLUSive Background Model v1.0
#
#Order = 3
#Organism = echinoderm
#Sequences = d:\sae\projects\sista.sequence\sequenceviewer\bgModels\epd_echinoderm_499_non_split.tfa
#Path = 
#

#snf
0.2929	0.2232	0.2010	0.2828	

#oligo frequency 
0.0325
0.0183
0.0197
0.0249
0.0193
0.0129
0.0126
0.0145
0.0169
0.0129
0.0128
0.0117
0.0214
0.0195
0.0166
0.0262
0.0230
0.0154
0.0118
0.0217
0.0140
0.0123
0.0102
0.0125
0.0126
0.0120
0.0086
0.0124
0.0122
0.0159
0.0115
0.0170
0.0189
0.0105
0.0146
0.0154
0.0164
0.0106
0.0094
0.0123
0.0120
0.0102
0.0095
0.0109
0.0137
0.0114
0.0109
0.0142
0.0211
0.0150
0.0083
0.0220
0.0224
0.0133
0.0135
0.0172
0.0179
0.0138
0.0114
0.0150
0.0191
0.0194
0.0191
0.0347

#transition matrix
0.3077	0.2009	0.2292	0.2622	
0.4011	0.1588	0.1811	0.2591	
0.2906	0.2435	0.2330	0.2330	
0.2618	0.2413	0.2065	0.2904	
0.3058	0.2234	0.1915	0.2793	
0.3466	0.2112	0.2032	0.2390	
0.2520	0.2236	0.1829	0.3414	
0.2535	0.2711	0.2359	0.2394	
0.3273	0.1394	0.2848	0.2485	
0.3506	0.1713	0.2470	0.2311	
0.2960	0.1960	0.2800	0.2280	
0.2565	0.2435	0.2131	0.2869	
0.3524	0.2191	0.1214	0.3071	
0.3717	0.2251	0.1833	0.2199	
0.3251	0.2270	0.1963	0.2515	
0.2676	0.1914	0.1836	0.3574	
0.3370	0.2121	0.1964	0.2545	
0.3146	0.2682	0.1722	0.2450	
0.2974	0.2285	0.2241	0.2500	
0.2146	0.2170	0.2264	0.3420	
0.4270	0.1752	0.1898	0.2080	
0.2324	0.3319	0.2158	0.2199	
0.3400	0.2400	0.1450	0.2750	
0.2295	0.2582	0.1885	0.3238	
0.3347	0.2082	0.2408	0.2163	
0.2936	0.2085	0.1447	0.3532	
0.2711	0.2651	0.1868	0.2771	
0.2623	0.2254	0.2377	0.2746	
0.3416	0.2417	0.1375	0.2792	
0.2724	0.2115	0.2500	0.2660	
0.3049	0.2466	0.2063	0.2422	
0.1536	0.2048	0.2139	0.4277	
0.3946	0.1487	0.2243	0.2324	
0.2696	0.2696	0.2500	0.2108	
0.3414	0.1882	0.3031	0.1673	
0.2181	0.2416	0.2181	0.3221	
0.3344	0.2250	0.1500	0.2906	
0.3107	0.2087	0.2233	0.2573	
0.3297	0.2162	0.2486	0.2054	
0.1584	0.2625	0.2375	0.3416	
0.2979	0.1787	0.2766	0.2468	
0.3350	0.2234	0.2081	0.2335	
0.2620	0.2513	0.3048	0.1818	
0.2689	0.2359	0.2076	0.2877	
0.2724	0.2164	0.1530	0.3582	
0.3839	0.2143	0.1964	0.2054	
0.2535	0.2301	0.1972	0.3192	
0.2158	0.1835	0.1979	0.4028	
0.3471	0.1893	0.1675	0.2961	
0.2789	0.2007	0.2687	0.2517	
0.3271	0.3148	0.1420	0.2161	
0.3155	0.2343	0.1485	0.3016	
0.2557	0.2237	0.1347	0.3858	
0.2605	0.2452	0.1954	0.2988	
0.2129	0.3498	0.1825	0.2548	
0.2166	0.3175	0.1603	0.3056	
0.3143	0.1829	0.1943	0.3086	
0.3606	0.2639	0.1747	0.2008	
0.2780	0.2601	0.1211	0.3408	
0.2959	0.2109	0.2075	0.2857	
0.2957	0.2312	0.0995	0.3736	
0.3316	0.1618	0.1830	0.3236	
0.3279	0.2446	0.1909	0.2366	
0.1794	0.2382	0.2265	0.3559	

