#INCLUSive Background Model v1.0
#
#Order = 2
#Organism = frog
#Sequences = d:\sae\projects\sista.sequence\sequenceviewer\bgModels\epd_xenopus_laevis_499_chromgenes_non_split.tfa
#Path = 
#

#snf
0.2664	0.2454	0.2368	0.2514	

#oligo frequency 
0.0855
0.0511
0.0690
0.0609
0.0702
0.0710
0.0376
0.0666
0.0584
0.0634
0.0667
0.0482
0.0523
0.0600
0.0635
0.0756

#transition matrix
0.3723	0.1704	0.2294	0.2279	
0.3441	0.2546	0.1311	0.2702	
0.2763	0.2507	0.2723	0.2007	
0.2702	0.2011	0.2253	0.3034	
0.2639	0.2268	0.2985	0.2107	
0.2745	0.3036	0.1645	0.2575	
0.1971	0.3270	0.2915	0.1845	
0.1656	0.2845	0.2911	0.2588	
0.3113	0.1902	0.3143	0.1842	
0.2576	0.2953	0.1901	0.2570	
0.2488	0.2721	0.3027	0.1764	
0.1943	0.2326	0.3064	0.2667	
0.3227	0.1813	0.1932	0.3028	
0.2811	0.2955	0.1205	0.3030	
0.2414	0.2470	0.2643	0.2473	
0.2042	0.2328	0.2067	0.3564	

