#INCLUSive Background Model v1.0
#
#Order = 3
#Organism = nematodes
#Sequences = d:\sae\projects\sista.sequence\sequenceviewer\bgModels\epd_nematodes_499_non_split.tfa
#Path = 
#

#snf
0.2955	0.2010	0.1958	0.3078	

#oligo frequency 
0.0428
0.0178
0.0183
0.0293
0.0176
0.0095
0.0103
0.0154
0.0198
0.0103
0.0110
0.0141
0.0166
0.0184
0.0172
0.0269
0.0243
0.0118
0.0128
0.0174
0.0118
0.0070
0.0072
0.0107
0.0080
0.0074
0.0090
0.0085
0.0101
0.0180
0.0132
0.0237
0.0247
0.0127
0.0144
0.0141
0.0114
0.0076
0.0058
0.0119
0.0154
0.0079
0.0063
0.0104
0.0108
0.0119
0.0143
0.0162
0.0163
0.0106
0.0098
0.0182
0.0258
0.0127
0.0096
0.0266
0.0229
0.0110
0.0138
0.0203
0.0174
0.0264
0.0230
0.0439

#transition matrix
0.3833	0.1864	0.1712	0.2591	
0.3550	0.1522	0.1884	0.3043	
0.3404	0.1561	0.2340	0.2695	
0.2075	0.2119	0.2318	0.3488	
0.3406	0.1649	0.1942	0.3004	
0.3219	0.2123	0.1370	0.3287	
0.2139	0.1761	0.3270	0.2830	
0.1723	0.1891	0.2395	0.3991	
0.3803	0.2131	0.1771	0.2295	
0.2937	0.2750	0.1375	0.2937	
0.3882	0.1883	0.2000	0.2235	
0.2018	0.1927	0.2798	0.3257	
0.3657	0.1829	0.1634	0.2879	
0.4140	0.1193	0.1649	0.3017	
0.3371	0.1835	0.1386	0.3408	
0.1374	0.2000	0.2145	0.4482	
0.3872	0.1300	0.1380	0.3448	
0.2857	0.2527	0.1429	0.3187	
0.3567	0.2161	0.1608	0.2663	
0.1482	0.2519	0.2222	0.3777	
0.3999	0.2444	0.1278	0.2278	
0.3796	0.2315	0.1575	0.2315	
0.1608	0.2678	0.2500	0.3214	
0.1266	0.3192	0.1567	0.3975	
0.2581	0.2339	0.1775	0.3306	
0.2920	0.2036	0.1682	0.3362	
0.3740	0.1152	0.1655	0.3453	
0.1770	0.2462	0.1923	0.3845	
0.2500	0.2180	0.1603	0.3717	
0.2796	0.2222	0.1362	0.3620	
0.3627	0.1863	0.2255	0.2255	
0.1335	0.2507	0.2643	0.3515	
0.4021	0.1593	0.2272	0.2115	
0.4196	0.1555	0.2487	0.1762	
0.3077	0.2579	0.2082	0.2263	
0.1781	0.2420	0.2648	0.3150	
0.3750	0.1307	0.2841	0.2102	
0.3534	0.1035	0.1897	0.3534	
0.2667	0.2333	0.3000	0.2000	
0.1413	0.2554	0.1902	0.4130	
0.3713	0.1772	0.3164	0.1351	
0.2845	0.2114	0.2195	0.2845	
0.4285	0.1837	0.1225	0.2653	
0.2547	0.2174	0.3354	0.1926	
0.2754	0.1737	0.2216	0.3293	
0.3098	0.1794	0.1305	0.3804	
0.3468	0.1036	0.2252	0.3243	
0.1674	0.2390	0.2032	0.3904	
0.4206	0.1707	0.1230	0.2857	
0.2561	0.1708	0.2012	0.3719	
0.4670	0.1053	0.1711	0.2566	
0.2989	0.2384	0.1530	0.3096	
0.3659	0.1755	0.1830	0.2757	
0.2653	0.2041	0.2653	0.2653	
0.3243	0.2365	0.2162	0.2230	
0.1651	0.3252	0.1942	0.3155	
0.4152	0.1695	0.2034	0.2119	
0.3567	0.1404	0.1287	0.3742	
0.3662	0.2676	0.1362	0.2301	
0.1879	0.2357	0.2611	0.3153	
0.2714	0.2008	0.1785	0.3494	
0.3603	0.1642	0.0956	0.3799	
0.3174	0.1714	0.2163	0.2949	
0.1785	0.2552	0.1740	0.3923	

