#INCLUSive Background Model v1.0
#
#Order = 2
#Organism = plants
#Sequences = d:\sae\projects\sista.sequence\sequenceviewer\bgModels\epd_plants_499_chromgenes_non_split.tfa
#Path = 
#

#snf
0.3299	0.2042	0.1638	0.3021	

#oligo frequency 
0.1231
0.0582
0.0534
0.0955
0.0751
0.0466
0.0250
0.0574
0.0498
0.0361
0.0312
0.0465
0.0819
0.0634
0.0541
0.1027

#transition matrix
0.4143	0.1602	0.1632	0.2623	
0.3841	0.2324	0.1156	0.2680	
0.3431	0.2096	0.1626	0.2847	
0.3126	0.1928	0.1872	0.3074	
0.3529	0.2352	0.1273	0.2845	
0.3981	0.2052	0.1325	0.2641	
0.2708	0.2461	0.1964	0.2867	
0.2556	0.2827	0.1364	0.3253	
0.3638	0.1493	0.2172	0.2697	
0.3566	0.2420	0.1334	0.2681	
0.2929	0.2501	0.1930	0.2640	
0.2642	0.1922	0.2242	0.3194	
0.3337	0.1633	0.1577	0.3452	
0.3376	0.2344	0.1146	0.3134	
0.2883	0.2023	0.2150	0.2944	
0.2442	0.1936	0.1751	0.3872	

