#INCLUSive Background Model v1.0
#
#Order = 2
#Organism = insects
#Sequences = d:\sae\projects\sista.sequence\sequenceviewer\bgModels\epd_arthropodes_499_chromgenes_non_split.tfa
#Path = 
#

#snf
0.3171	0.2051	0.1817	0.2961	

#oligo frequency 
0.1171
0.0562
0.0555
0.0885
0.0713
0.0436
0.0346
0.0557
0.0532
0.0448
0.0336
0.0499
0.0756
0.0606
0.0581
0.1018

#transition matrix
0.4030	0.1673	0.1658	0.2639	
0.3682	0.2075	0.1471	0.2772	
0.3129	0.2366	0.1650	0.2855	
0.3015	0.1848	0.1848	0.3289	
0.3422	0.2152	0.1761	0.2666	
0.3689	0.2055	0.1784	0.2472	
0.2922	0.2596	0.1912	0.2570	
0.2326	0.2585	0.1949	0.3140	
0.3749	0.1576	0.2182	0.2493	
0.3252	0.2295	0.1896	0.2557	
0.2838	0.2825	0.1873	0.2464	
0.2474	0.1908	0.2405	0.3212	
0.3378	0.1700	0.1575	0.3348	
0.3288	0.2102	0.1653	0.2958	
0.2794	0.2282	0.2004	0.2920	
0.2321	0.1999	0.1849	0.3830	

