#INCLUSive Background Model v1.0
#
#Order = 2
#Organism = nematodes
#Sequences = d:\sae\projects\sista.sequence\sequenceviewer\bgModels\epd_nematodes_499_non_split.tfa
#Path = 
#

#snf
0.2955	0.2010	0.1958	0.3078	

#oligo frequency 
0.1082
0.0529
0.0553
0.0791
0.0665
0.0367
0.0328
0.0648
0.0659
0.0366
0.0400
0.0532
0.0548
0.0746
0.0678
0.1107

#transition matrix
0.3956	0.1647	0.1689	0.2709	
0.3341	0.1799	0.1946	0.2913	
0.3579	0.1871	0.2000	0.2550	
0.2098	0.2327	0.2180	0.3396	
0.3667	0.1770	0.1936	0.2626	
0.3204	0.1901	0.1972	0.2923	
0.2436	0.2240	0.2731	0.2593	
0.1551	0.2773	0.2028	0.3648	
0.3751	0.1920	0.2184	0.2145	
0.3104	0.2064	0.1587	0.3245	
0.3839	0.1984	0.1581	0.2597	
0.2027	0.2233	0.2694	0.3046	
0.2965	0.1929	0.1788	0.3318	
0.3460	0.1696	0.1280	0.3564	
0.3365	0.1625	0.2025	0.2985	
0.1569	0.2386	0.2077	0.3967	

