#INCLUSive Background Model v1.0
#
#Order = 3
#Organism = human
#Sequences = hs200bp5.tfa
#Path = 
#

#snf
0.212856	0.28026	0.282103	0.224782	

#oligo frequency
0.0197346
0.010253
0.0156288
0.0120837
0.0127359
0.0128678
0.00617424
0.0116369
0.0169063
0.0187049
0.0222689
0.0120233
0.00892672
0.00884503
0.0109134
0.0131029
0.0119981
0.0147479
0.0237006
0.0112011
0.019312
0.0318775
0.0191234
0.0231122
0.00643365
0.020347
0.0198539
0.00675126
0.00828914
0.0224365
0.0239353
0.0166409
0.0153112
0.0116901
0.0222514
0.00916059
0.0160462
0.0277855
0.0213711
0.0183663
0.0206685
0.0280894
0.0312787
0.0133385
0.0069938
0.0120539
0.0165993
0.0113009
0.0105778
0.00674006
0.00851103
0.00925316
0.0135508
0.0211665
0.00672398
0.0181482
0.0143826
0.0164767
0.0199204
0.0147783
0.0108016
0.0162984
0.0140346
0.0237639

#transition matrix
0.36755	0.167646	0.239989	0.224815	
0.32099	0.276316	0.112892	0.289802	
0.275155	0.227032	0.288042	0.209771	
0.256212	0.194347	0.263587	0.285855	
0.232518	0.22691	0.333985	0.206587	
0.248422	0.337429	0.145391	0.268758	
0.140968	0.345912	0.294336	0.218784	
0.146025	0.262184	0.313477	0.278315	
0.298267	0.187144	0.345391	0.169198	
0.229336	0.342608	0.190294	0.237762	
0.262387	0.274858	0.305597	0.157157	
0.170001	0.240718	0.338856	0.250425	
0.338473	0.161119	0.202995	0.297413	
0.283688	0.301657	0.093755	0.3209	
0.263903	0.212134	0.266193	0.25777	
0.197211	0.202548	0.206883	0.393359	
0.314926	0.203364	0.285812	0.195897	
0.27585	0.330063	0.147576	0.246511	
0.220608	0.310441	0.309222	0.159729	
0.163639	0.266122	0.269004	0.301234	
0.188177	0.262766	0.387334	0.161723	
0.213614	0.329163	0.22898	0.228244	
0.121471	0.427179	0.34519	0.10616	
0.103385	0.354447	0.330876	0.211292	
0.177119	0.237643	0.464584	0.120654	
0.146602	0.392447	0.298948	0.162003	
0.169231	0.350791	0.377081	0.102897	
0.105025	0.339977	0.373813	0.181185	
0.265523	0.237598	0.283694	0.213185	
0.198512	0.389903	0.132553	0.279032	
0.198318	0.296271	0.309407	0.196004	
0.133382	0.316458	0.228757	0.321403	
0.309296	0.176134	0.340785	0.173784	
0.267145	0.294034	0.186928	0.251893	
0.228805	0.264508	0.363447	0.14324	
0.182788	0.207169	0.305938	0.304105	
0.173852	0.213562	0.458307	0.154279	
0.184416	0.348475	0.240834	0.226275	
0.112513	0.35334	0.423035	0.111112	
0.104915	0.300391	0.395158	0.199535	
0.258047	0.18664	0.423338	0.131975	
0.172846	0.298599	0.310365	0.218189	
0.225693	0.312108	0.322269	0.13993	
0.134176	0.256858	0.383636	0.22533	
0.284349	0.183718	0.294605	0.237328	
0.245942	0.329521	0.140515	0.284022	
0.223033	0.225986	0.331951	0.21903	
0.155054	0.240252	0.248869	0.355825	
0.371773	0.169927	0.211074	0.247225	
0.334563	0.257174	0.0980235	0.310239	
0.273952	0.230287	0.282842	0.212919	
0.248731	0.172994	0.204205	0.374071	
0.192685	0.247808	0.34065	0.218856	
0.199693	0.35214	0.157367	0.2908	
0.123865	0.370748	0.35722	0.148167	
0.125309	0.312238	0.295523	0.26693	
0.263568	0.218087	0.324078	0.194266	
0.237913	0.304945	0.184143	0.273	
0.22029	0.26299	0.345706	0.171014	
0.164973	0.231937	0.329517	0.273573	
0.309821	0.188508	0.209763	0.291909	
0.222641	0.35545	0.075695	0.346213	
0.21634	0.235136	0.290241	0.258283	
0.177802	0.237791	0.197125	0.387282	

