#INCLUSive Background Model v1.0
#
#Order = 3
#Organism = human
#Sequences = all.tfa
#Path = 
#

#snf
0.237995	0.263123	0.261947	0.236935	

#oligo frequency
0.0236644
0.0116332
0.0179842
0.0155801
0.0153657
0.012953
0.00508304
0.0127421
0.0187381
0.0190717
0.0224811
0.0127101
0.0104912
0.0105787
0.0132185
0.0155083
0.0149501
0.015856
0.0252316
0.0135878
0.0212085
0.0266441
0.0134775
0.0222087
0.00540321
0.0133217
0.0137645
0.00520454
0.00877439
0.0211993
0.0242689
0.0181156
0.0175183
0.0109905
0.0206959
0.0104545
0.0169845
0.0232286
0.0136205
0.0185237
0.0200284
0.0236247
0.0269996
0.0130217
0.00772684
0.0116205
0.0150484
0.0117544
0.0128083
0.00764442
0.00915173
0.0101774
0.0161101
0.0206398
0.00553043
0.0188358
0.0155566
0.016351
0.0204627
0.0151958
0.0127792
0.0176593
0.01504
0.0231964

#transition matrix
0.328772	0.173837	0.24721	0.250181	
0.362635	0.252283	0.0869601	0.298121	
0.282555	0.226547	0.285478	0.20542	
0.247984	0.192669	0.26781	0.291537	
0.243976	0.22093	0.31825	0.216844	
0.287749	0.298324	0.114211	0.299716	
0.173684	0.298152	0.294831	0.233333	
0.145514	0.252943	0.313784	0.287759	
0.313602	0.175005	0.32468	0.186714	
0.275973	0.314195	0.138547	0.271285	
0.274929	0.257151	0.302054	0.165866	
0.182495	0.243628	0.303794	0.270084	
0.350054	0.171384	0.202306	0.276256	
0.30357	0.284243	0.0738535	0.338333	
0.272919	0.207163	0.274585	0.245333	
0.218035	0.212586	0.188405	0.380974	
0.344444	0.182797	0.268312	0.204448	
0.309906	0.314092	0.121547	0.254456	
0.234556	0.304706	0.300813	0.159925	
0.173741	0.263905	0.251576	0.310778	
0.20094	0.245371	0.374911	0.178778	
0.253159	0.320193	0.182439	0.244209	
0.139671	0.403222	0.343865	0.113243	
0.107017	0.332942	0.323519	0.236521	
0.217843	0.210762	0.412527	0.158868	
0.16196	0.381571	0.260397	0.196071	
0.1741	0.352801	0.354018	0.11908	
0.123715	0.324829	0.345234	0.206222	
0.290614	0.218151	0.257228	0.234007	
0.232443	0.378348	0.11246	0.276748	
0.205344	0.283632	0.310584	0.20044	
0.143686	0.307816	0.236039	0.312458	
0.336079	0.158837	0.319132	0.185952	
0.328205	0.264825	0.145908	0.261062	
0.250782	0.249075	0.351862	0.148281	
0.181584	0.204558	0.335205	0.278653	
0.203827	0.203414	0.428682	0.164077	
0.237916	0.319975	0.205649	0.236459	
0.129987	0.337235	0.417233	0.115544	
0.111182	0.281575	0.39074	0.216502	
0.292361	0.170138	0.387401	0.1501	
0.220247	0.302418	0.22979	0.247545	
0.247639	0.281069	0.321007	0.150285	
0.158381	0.246972	0.363978	0.230669	
0.304435	0.190153	0.284189	0.221223	
0.284638	0.31501	0.111186	0.289165	
0.232041	0.21945	0.330406	0.218103	
0.170418	0.241611	0.242995	0.344975	
0.378538	0.158168	0.199524	0.263771	
0.343583	0.276017	0.0722982	0.308101	
0.278763	0.238158	0.272696	0.210384	
0.233025	0.182557	0.209028	0.37539	
0.217203	0.236046	0.317702	0.229048	
0.252272	0.326736	0.115254	0.305738	
0.15787	0.32101	0.354237	0.166883	
0.131838	0.283193	0.310175	0.274794	
0.297713	0.204375	0.298082	0.19983	
0.267248	0.306105	0.127803	0.298845	
0.233927	0.264595	0.32515	0.176329	
0.177911	0.23752	0.305261	0.279308	
0.330911	0.191834	0.202198	0.275058	
0.263428	0.336001	0.0612733	0.339297	
0.230819	0.228381	0.288206	0.252595	
0.205948	0.255889	0.215	0.323164	

