#INCLUSive Background Model v1.0
#
#Order = 3
#Organism = human
#Sequences = hs_ensembl16_23299genes_1000bp_upstream.tfa
#Path = 
#

#snf
0.244054	0.253193	0.255157	0.247596	

#oligo frequency
0.0266903
0.0119633
0.0174369
0.0159606
0.0156201
0.0131847
0.00524228
0.0136187
0.0192011
0.0171829
0.0220913
0.0138283
0.0119018
0.0105411
0.0132318
0.016411
0.0146013
0.0159599
0.0234367
0.0131244
0.0200227
0.0251139
0.0120145
0.0220953
0.00536137
0.0120471
0.0120311
0.00527102
0.00998122
0.021099
0.0233411
0.0175384
0.0169981
0.0112118
0.0212872
0.0108345
0.0157066
0.0215169
0.0121537
0.0169214
0.0195387
0.0213917
0.024992
0.0134765
0.00871962
0.0112541
0.0166507
0.0124898
0.0137299
0.00853169
0.0101788
0.0121332
0.0157684
0.0195065
0.00532393
0.0193204
0.016224
0.0157025
0.0202885
0.0165264
0.0139448
0.0170302
0.0154946
0.0280076

#transition matrix
0.397938	0.158067	0.212487	0.231508	
0.349987	0.260077	0.0916892	0.298247	
0.29354	0.211369	0.273301	0.22179	
0.271335	0.18734	0.249688	0.291636	
0.242278	0.225913	0.315561	0.216247	
0.277469	0.311976	0.111132	0.299423	
0.175535	0.310974	0.29164	0.221851	
0.164084	0.25598	0.298856	0.28108	
0.30973	0.189965	0.312367	0.187938	
0.259633	0.334879	0.135843	0.269645	
0.273695	0.269229	0.275366	0.18171	
0.198426	0.216763	0.324703	0.260108	
0.326643	0.173157	0.192932	0.307268	
0.289785	0.292363	0.0771797	0.340672	
0.26468	0.201858	0.266791	0.266671	
0.223237	0.20026	0.180658	0.395845	
0.348388	0.188136	0.275376	0.1881	
0.301	0.307857	0.122109	0.269034	
0.233293	0.275307	0.315965	0.175435	
0.184077	0.238048	0.271329	0.306546	
0.202579	0.25517	0.366375	0.175876	
0.271091	0.300372	0.183943	0.244594	
0.150773	0.385432	0.33467	0.129125	
0.119677	0.328177	0.335049	0.217097	
0.210374	0.213647	0.428187	0.147792	
0.164758	0.393799	0.257891	0.183553	
0.179645	0.322293	0.377717	0.120345	
0.118574	0.296403	0.381191	0.203832	
0.285305	0.234133	0.252558	0.228004	
0.245644	0.363498	0.108578	0.282281	
0.211349	0.259648	0.314894	0.214109	
0.156031	0.278477	0.234127	0.331365	
0.338342	0.168636	0.293711	0.19931	
0.304201	0.283679	0.140124	0.271997	
0.268225	0.224704	0.341058	0.166013	
0.187486	0.221518	0.293516	0.29748	
0.20674	0.22163	0.396201	0.175429	
0.228182	0.317389	0.174721	0.279709	
0.143546	0.33551	0.384404	0.136541	
0.133389	0.2727	0.375399	0.218512	
0.270713	0.174024	0.391384	0.163878	
0.223357	0.29144	0.223894	0.261309	
0.263123	0.269454	0.298099	0.169324	
0.150666	0.236892	0.369834	0.242609	
0.301867	0.169128	0.27794	0.251064	
0.264357	0.3029	0.1004	0.332342	
0.245632	0.212936	0.309016	0.232416	
0.175733	0.227741	0.235421	0.361105	
0.380031	0.154786	0.200048	0.265135	
0.377051	0.232069	0.0735008	0.317379	
0.286334	0.223126	0.262591	0.227949	
0.256688	0.166542	0.20591	0.37086	
0.222661	0.243469	0.313944	0.219925	
0.239042	0.341052	0.112035	0.307871	
0.166823	0.322564	0.341584	0.169029	
0.147175	0.297494	0.285474	0.269857	
0.285498	0.18596	0.329533	0.199009	
0.28574	0.305255	0.123036	0.285969	
0.234412	0.238309	0.340926	0.186354	
0.20075	0.211801	0.312465	0.274985	
0.312363	0.190329	0.210187	0.287121	
0.26744	0.314105	0.0640531	0.354402	
0.238287	0.220831	0.274821	0.266062	
0.190761	0.214639	0.195562	0.399038	

