#INCLUSive Background Model v1.0
#
#Order = 3
#Organism = human
#Sequences = unknown
#Path = bgModels/
#

#snf
0.2323	0.2743	0.2721	0.2212	

#oligo frequency 
0.0244
0.0114
0.0188
0.0130
0.0145
0.0137
0.0058
0.0123
0.0192
0.0190
0.0245
0.0127
0.0097
0.0095
0.0116
0.0125
0.0148
0.0159
0.0256
0.0115
0.0217
0.0320
0.0152
0.0236
0.0064
0.0153
0.0144
0.0057
0.0089
0.0221
0.0244
0.0167
0.0165
0.0123
0.0227
0.0091
0.0169
0.0258
0.0151
0.0183
0.0208
0.0250
0.0299
0.0134
0.0072
0.0119
0.0165
0.0107
0.0118
0.0067
0.0083
0.0097
0.0146
0.0211
0.0057
0.0180
0.0142
0.0170
0.0202
0.0144
0.0106
0.0159
0.0134
0.0197

#transition matrix
0.3676	0.1638	0.2526	0.2159	
0.3385	0.2591	0.1042	0.2982	
0.2839	0.2073	0.3053	0.2034	
0.2643	0.1938	0.2562	0.2856	
0.2543	0.2253	0.3395	0.1809	
0.2483	0.3609	0.1285	0.2623	
0.1819	0.2836	0.3254	0.2090	
0.1414	0.2801	0.3058	0.2726	
0.3011	0.1819	0.3498	0.1672	
0.2430	0.3540	0.1483	0.2548	
0.2716	0.2499	0.3215	0.1570	
0.1635	0.2505	0.3302	0.2557	
0.3720	0.1531	0.1992	0.2757	
0.2698	0.3093	0.0784	0.3426	
0.2833	0.1970	0.2964	0.2233	
0.2129	0.2140	0.1907	0.3824	
0.3229	0.1918	0.2971	0.1882	
0.3053	0.3331	0.1262	0.2354	
0.2349	0.2935	0.3207	0.1510	
0.1629	0.2771	0.2702	0.2897	
0.2123	0.2517	0.3725	0.1635	
0.2362	0.3280	0.1869	0.2489	
0.1506	0.4050	0.3319	0.1125	
0.1121	0.3412	0.3356	0.2111	
0.2116	0.2312	0.4355	0.1218	
0.1551	0.3947	0.2624	0.1879	
0.1619	0.3192	0.4074	0.1116	
0.1227	0.3090	0.3681	0.2002	
0.2528	0.2342	0.2669	0.2461	
0.2277	0.3821	0.1156	0.2745	
0.1925	0.3013	0.3100	0.1962	
0.1358	0.3063	0.2323	0.3256	
0.3569	0.1657	0.3283	0.1490	
0.2881	0.3004	0.1631	0.2484	
0.2464	0.2435	0.3653	0.1447	
0.1833	0.2080	0.3239	0.2848	
0.2105	0.2191	0.4269	0.1435	
0.2309	0.3528	0.1936	0.2227	
0.1438	0.3625	0.3673	0.1264	
0.1104	0.2808	0.3912	0.2175	
0.2666	0.2058	0.3999	0.1276	
0.2076	0.3075	0.2345	0.2503	
0.2363	0.3029	0.3057	0.1551	
0.1504	0.2496	0.3715	0.2285	
0.3153	0.1636	0.2445	0.2767	
0.2750	0.3237	0.0957	0.3055	
0.2142	0.2367	0.3145	0.2347	
0.1675	0.2608	0.2423	0.3294	
0.3999	0.1560	0.2349	0.2092	
0.3395	0.2542	0.0952	0.3111	
0.2752	0.2443	0.2744	0.2062	
0.2843	0.1970	0.2249	0.2938	
0.1994	0.2358	0.3699	0.1949	
0.2296	0.3534	0.1185	0.2985	
0.1521	0.3542	0.3438	0.1498	
0.1381	0.3055	0.3121	0.2443	
0.2726	0.2144	0.3437	0.1693	
0.2783	0.3195	0.1448	0.2574	
0.2330	0.2594	0.3460	0.1616	
0.1648	0.2502	0.3612	0.2237	
0.3420	0.1859	0.2100	0.2621	
0.2375	0.3684	0.0779	0.3162	
0.2016	0.2568	0.3036	0.2380	
0.1973	0.2707	0.2286	0.3034	

