#MotifLabMotif   (inspired by INCLUSive Motif Model v1.0)
#Collection=Jaspar PBM
#
#ID = PB0001
#Short = Arid3a_1
#Long = Arid3a_1
#W = 17
#Class = 3
#Organisms = mouse (Mus musculus)
18	27	38	17
21	22	35	22
18	21	34	26
22	20	19	39
9	11	8	72
4	10	5	82
70	1	18	11
89	0	0	11
11	0	0	89
11	18	1	70
82	5	10	4
72	8	11	9
60	5	9	27
47	28	6	19
23	23	19	35
27	23	13	37
24	30	20	26

#ID = PB0002
#Short = Arid5a_1
#Long = Arid5a_1
#W = 14
#Class = 3
#Organisms = mouse (Mus musculus)
18	43	23	17
16	32	3	48
85	3	7	5
96	0	1	2
6	0	1	93
93	1	1	6
2	1	1	96
4	9	4	83
23	3	52	22
34	35	18	12
29	13	27	31
57	8	19	16
29	18	26	27
34	23	15	27

#ID = PB0003
#Short = Ascl2_1
#Long = Ascl2_1
#W = 17
#Class = 1.2.3
#Organisms = mouse (Mus musculus)
17	33	19	32
15	19	24	42
9	48	12	30
47	20	23	10
29	18	45	8
1	97	1	1
95	1	1	3
1	18	76	5
5	82	12	1
2	1	1	96
1	1	98	1
4	72	9	15
12	24	17	47
32	32	29	7
20	37	16	27
22	21	19	38
15	14	39	33

#ID = PB0004
#Short = Atf1_1
#Long = Atf1_1
#W = 16
#Class = 1.1
#Organisms = mouse (Mus musculus)
38	14	24	24
14	42	20	25
16	10	41	33
47	10	39	4
1	3	1	96
1	1	86	11
96	0	1	2
0	95	0	4
4	0	95	0
2	1	0	96
11	86	1	1
96	1	3	1
5	36	14	45
23	45	14	18
26	10	49	14
35	18	24	23

#ID = PB0005
#Short = Bbx_1
#Long = Bbx_1
#W = 15
#Class = 4.7
#Organisms = mouse (Mus musculus)
24	19	12	44
61	16	6	18
46	14	22	18
13	3	5	78
9	2	2	87
14	75	6	5
92	3	2	4
45	8	12	34
4	2	3	92
5	6	75	14
87	2	2	9
78	5	3	13
12	28	35	24
29	13	12	46
33	6	35	26

#ID = PB0006
#Short = Bcl6b_1
#Long = Bcl6b_1
#W = 16
#Class = 2
#Organisms = mouse (Mus musculus)
35	8	20	37
17	60	5	18
9	11	6	75
13	8	8	71
3	1	2	94
1	87	1	11
2	10	45	43
80	1	2	17
14	6	76	4
7	2	81	9
88	2	4	6
88	3	1	8
21	21	4	54
24	23	17	36
21	30	15	34
20	29	33	17

#ID = PB0007
#Short = Bhlhb2_1
#Long = Bhlhb2_1
#W = 22
#Class = 1.2
#Organisms = mouse (Mus musculus)
35	11	40	14
30	18	32	20
42	22	11	24
39	13	16	32
20	24	30	25
35	19	28	19
23	14	41	22
4	1	23	72
6	94	0	0
97	0	2	1
0	96	1	3
3	1	96	0
1	2	0	97
0	0	94	6
72	23	1	4
2	47	32	20
17	36	21	26
41	26	13	20
35	21	26	18
21	28	20	31
43	11	18	27
21	36	17	25

#ID = PB0008
#Short = E2F2_1
#Long = E2F2_1
#W = 15
#Class = 3.3.3
#Organisms = mouse (Mus musculus)
31	21	27	21
28	22	14	36
39	16	19	25
70	10	4	15
43	7	32	18
14	19	61	5
1	2	96	1
2	96	1	0
0	2	97	0
0	92	8	0
1	10	87	3
4	86	3	7
15	33	41	12
46	20	11	23
29	23	8	39

#ID = PB0009
#Short = E2F3_1
#Long = E2F3_1
#W = 15
#Class = 3.3.3
#Organisms = mouse (Mus musculus)
36	21	26	17
30	25	11	33
42	11	21	26
77	6	3	14
31	5	41	23
10	14	72	4
1	1	97	0
1	97	1	0
0	1	98	0
0	94	6	0
1	10	87	2
2	90	1	7
11	35	41	13
33	28	9	30
32	14	4	50

#ID = PB0010
#Short = Egr1_1
#Long = Egr1_1
#W = 14
#Class = 2
#Organisms = mouse (Mus musculus)
21	28	20	30
14	72	5	8
3	88	1	8
12	7	78	3
0	99	0	0
0	98	1	0
0	98	0	2
26	73	0	0
1	99	0	1
2	9	65	24
2	86	4	8
57	6	17	21
18	33	13	37
18	18	23	41

#ID = PB0011
#Short = Ehf_1
#Long = Ehf_1
#W = 15
#Class = 3.5.2
#Organisms = mouse (Mus musculus)
33	30	23	14
20	22	32	26
25	22	27	26
63	4	4	29
16	38	22	23
13	59	27	1
21	76	3	0
1	0	98	0
0	0	99	1
98	0	0	1
88	0	0	11
25	5	69	1
12	15	5	67
38	11	23	28
40	19	22	19

#ID = PB0012
#Short = Elf3_1
#Long = Elf3_1
#W = 13
#Class = 3.5.2
#Organisms = mouse (Mus musculus)
34	14	18	34
61	5	7	27
25	41	13	22
39	37	20	4
47	44	6	2
3	1	95	1
2	1	96	2
98	1	1	1
89	1	0	10
43	4	52	1
10	16	2	72
42	8	20	30
57	16	16	10

#ID = PB0013
#Short = Eomes_1
#Long = Eomes_1
#W = 17
#Organisms = mouse (Mus musculus)
19	22	30	30
30	23	27	20
32	21	18	29
48	10	25	18
65	1	26	7
10	2	84	4
0	1	98	1
0	8	0	91
1	0	99	0
4	10	0	86
1	4	84	11
98	0	1	0
79	10	3	8
65	14	9	12
42	21	7	30
21	29	13	36
20	27	18	35

#ID = PB0014
#Short = Esrra_1
#Long = Esrra_1
#W = 17
#Class = 2.1.1.5
#Organisms = mouse (Mus musculus)
21	18	29	32
42	28	14	15
20	20	26	35
12	28	14	46
7	78	14	1
97	0	2	1
98	0	2	0
1	0	94	5
1	0	98	1
4	0	4	92
0	91	2	7
80	0	20	0
25	24	4	48
27	24	30	19
20	29	23	28
19	19	35	27
31	26	18	24

#ID = PB0015
#Short = Foxa2_1
#Long = Foxa2_1
#W = 17
#Class = 3.3
#Organisms = mouse (Mus musculus)
34	21	13	33
41	18	18	23
41	13	9	37
61	8	11	21
43	4	15	38
9	1	89	1
0	4	0	96
92	7	0	1
92	7	0	1
99	0	0	1
0	66	0	34
99	0	0	1
72	7	5	16
54	10	10	26
25	27	30	18
31	21	25	24
22	28	25	25

#ID = PB0016
#Short = Foxj1_1
#Long = Foxj1_1
#W = 16
#Class = 3.3
#Organisms = mouse (Mus musculus)
45	21	12	22
27	22	25	27
37	18	17	28
35	3	58	3
4	9	1	86
82	16	0	1
84	7	0	9
97	1	1	2
1	91	0	8
95	1	1	4
60	17	7	16
71	4	7	18
30	29	18	22
29	18	25	28
24	21	25	30
22	16	29	33

#ID = PB0017
#Short = Foxj3_1
#Long = Foxj3_1
#W = 17
#Class = 3.3
#Organisms = mouse (Mus musculus)
27	26	21	26
34	13	31	22
48	19	16	17
51	13	17	19
35	13	33	20
30	1	68	0
1	2	0	97
91	8	0	0
96	2	0	3
99	0	0	1
0	81	0	18
99	0	0	1
79	7	6	9
57	9	7	27
22	34	26	18
27	27	24	22
24	39	17	19

#ID = PB0018
#Short = Foxk1_1
#Long = Foxk1_1
#W = 17
#Class = 3.3
#Organisms = mouse (Mus musculus)
34	19	21	26
41	12	28	20
60	7	12	21
71	4	5	20
12	12	18	58
20	1	79	0
2	0	0	97
92	8	0	0
97	1	0	2
99	0	0	0
0	89	0	11
99	0	0	0
80	6	2	11
56	9	10	24
27	30	29	14
34	22	25	19
15	27	32	25

#ID = PB0019
#Short = Foxl1_1
#Long = Foxl1_1
#W = 17
#Class = 3.3
#Organisms = mouse (Mus musculus)
32	15	19	34
43	6	10	42
66	4	4	26
65	5	8	22
21	8	7	64
34	0	65	1
2	0	0	98
95	5	0	0
99	0	0	1
99	0	1	0
0	78	0	21
99	0	0	1
80	4	2	14
53	9	11	27
21	27	37	15
28	22	34	16
15	25	29	31

#ID = PB0020
#Short = Gabpa_1
#Long = Gabpa_1
#W = 17
#Class = 3.5.2
#Organisms = mouse (Mus musculus)
35	36	12	17
29	29	24	18
44	20	12	24
29	16	15	40
78	3	14	5
2	94	4	0
4	95	1	0
0	0	99	0
0	0	99	0
99	0	0	1
90	0	0	10
22	2	75	0
2	13	1	83
20	18	36	26
25	26	20	29
32	20	20	28
28	25	25	22

#ID = PB0021
#Short = Gata3_1
#Long = Gata3_1
#W = 22
#Class = 2.2.1
#Organisms = mouse (Mus musculus)
15	26	26	33
22	11	28	39
30	14	13	43
27	11	27	35
27	9	22	42
62	9	17	12
20	11	41	29
80	5	0	15
0	0	99	0
99	0	0	0
1	0	0	99
95	1	0	4
97	0	0	2
4	11	83	2
74	13	11	2
42	11	32	16
38	17	16	30
14	20	21	45
32	12	25	31
46	21	16	17
38	19	31	12
22	16	38	24

#ID = PB0022
#Short = Gata5_1
#Long = Gata5_1
#W = 17
#Class = 2.2.1
#Organisms = mouse (Mus musculus)
33	19	11	37
40	14	17	29
39	15	18	28
41	13	26	20
6	63	12	19
18	8	0	74
0	0	99	0
99	0	0	0
1	0	0	99
96	1	0	3
97	1	1	2
5	15	78	3
49	13	34	5
42	18	27	13
23	20	33	25
48	14	16	22
23	22	23	32

#ID = PB0023
#Short = Gata6_1
#Long = Gata6_1
#W = 17
#Class = 2.2.1
#Organisms = mouse (Mus musculus)
35	10	16	38
38	24	16	22
30	17	22	31
38	28	19	14
22	15	31	31
55	11	0	34
0	0	99	1
99	0	0	1
0	1	0	99
89	0	0	11
94	1	1	4
3	22	72	3
52	24	20	4
39	12	25	24
21	13	18	48
22	21	17	39
27	22	34	17

#ID = PB0024
#Short = Gcm1_1
#Long = Gcm1_1
#W = 16
#Class = 2
#Transfac class = C0031
#Organisms = mouse (Mus musculus)
25	21	18	36
32	33	21	14
31	28	33	9
28	17	17	38
73	3	21	2
1	99	0	0
1	99	0	0
4	94	0	2
2	6	90	2
0	79	3	19
98	0	1	1
1	11	7	81
25	31	25	19
28	21	25	26
26	27	14	32
23	21	27	29

#ID = PB0025
#Short = Glis2_1
#Long = Glis2_1
#W = 16
#Class = 2
#Organisms = mouse (Mus musculus)
14	31	13	42
38	15	13	35
33	17	16	34
24	27	26	23
1	7	77	14
83	11	6	1
1	97	1	1
1	98	1	1
2	96	0	2
1	97	0	1
9	81	0	11
10	76	1	13
49	18	17	16
16	33	19	32
48	9	27	15
27	9	36	28

#ID = PB0026
#Short = Gm397_1
#Long = Gm397_1
#W = 17
#Class = 2
#Organisms = mouse (Mus musculus)
25	32	20	23
33	19	18	29
25	12	33	30
58	10	13	19
18	1	4	77
1	2	96	0
0	3	0	96
6	0	93	0
0	93	0	6
96	0	3	0
0	96	2	1
77	4	1	18
3	26	13	59
59	29	4	9
27	53	3	17
21	10	37	31
22	29	14	34

#ID = PB0027
#Short = Gmeb1_1
#Long = Gmeb1_1
#W = 17
#Organisms = mouse (Mus musculus)
17	26	35	22
34	31	15	20
11	23	35	31
13	22	29	36
13	7	40	40
5	4	33	59
71	1	28	0
0	99	0	1
1	0	99	0
0	28	1	71
59	33	4	5
40	40	7	13
21	23	37	19
44	15	18	24
18	26	23	33
27	21	31	20
24	25	27	24

#ID = PB0028
#Short = Hbp1_1
#Long = Hbp1_1
#W = 16
#Class = 4.7
#Organisms = mouse (Mus musculus)
35	18	16	32
24	30	23	23
30	18	19	33
41	14	10	34
3	2	0	94
2	33	64	1
97	0	1	2
97	0	0	2
1	0	0	98
1	2	93	4
76	0	23	1
87	4	7	2
11	11	4	73
19	15	44	22
37	15	26	22
22	26	24	28

#ID = PB0029
#Short = Hic1_1
#Long = Hic1_1
#W = 16
#Class = 2
#Organisms = mouse (Mus musculus)
28	21	25	26
14	33	22	32
15	24	27	34
66	1	32	2
0	0	0	99
4	0	96	0
0	97	2	0
0	99	0	0
92	7	0	1
58	21	12	9
1	93	3	4
3	80	5	12
20	19	17	44
40	15	29	15
20	41	15	24
24	33	14	28

#ID = PB0030
#Short = Hnf4a_1
#Long = Hnf4a_1
#W = 17
#Class = 2.1.2.11
#Organisms = mouse (Mus musculus)
22	28	25	24
20	19	27	34
15	32	21	32
27	30	24	18
44	33	2	21
13	3	83	1
14	0	85	0
0	0	99	1
0	0	88	11
0	0	2	98
0	98	0	2
88	9	3	0
74	11	8	8
16	32	18	34
23	18	16	44
23	19	33	25
32	31	20	17

#ID = PB0031
#Short = Hoxa3_1
#Long = Hoxa3_1
#W = 14
#Class = 3.1
#Organisms = mouse (Mus musculus)
23	19	23	34
13	24	32	31
12	18	54	16
43	21	13	24
21	10	55	14
12	29	34	25
1	5	0	94
94	6	0	0
99	0	0	0
0	0	0	99
0	0	5	95
96	0	4	0
43	19	33	5
11	46	16	26

#ID = PB0032
#Short = IRC900814_1
#Long = IRC900814_1
#W = 16
#Organisms = mouse (Mus musculus)
37	14	17	32
27	19	25	28
16	33	10	41
8	21	10	61
95	2	1	2
0	99	0	0
0	0	99	0
94	0	5	1
18	76	3	2
92	0	7	1
97	1	1	2
73	5	1	21
27	13	7	53
33	21	22	24
25	20	31	24
17	40	19	24

#ID = PB0033
#Short = Irf3_1
#Long = Irf3_1
#W = 14
#Class = 3.5.3
#Organisms = mouse (Mus musculus)
18	24	34	24
50	10	24	16
44	2	49	4
76	2	9	13
81	3	2	14
31	32	10	27
5	48	43	4
5	1	93	1
79	10	10	1
85	2	1	12
89	5	1	5
5	78	12	5
10	40	9	41
29	15	41	15

#ID = PB0034
#Short = Irf4_1
#Long = Irf4_1
#W = 15
#Class = 3.5.3
#Organisms = mouse (Mus musculus)
30	39	16	14
26	11	47	16
31	8	17	44
66	4	5	24
18	28	7	47
1	89	1	9
1	0	98	0
99	1	1	0
93	0	0	6
99	0	0	1
2	95	3	1
3	57	2	38
40	13	32	15
33	28	20	20
51	14	17	19

#ID = PB0035
#Short = Irf5_1
#Long = Irf5_1
#W = 15
#Class = 3.5.3
#Organisms = mouse (Mus musculus)
34	19	19	27
28	19	20	33
36	16	28	20
50	7	17	26
83	2	9	6
14	43	4	38
2	94	0	4
1	0	98	0
99	0	1	0
89	0	1	10
99	0	0	0
1	97	1	0
2	53	1	44
46	12	24	18
39	22	23	15

#ID = PB0036
#Short = Irf6_1
#Long = Irf6_1
#W = 17
#Class = 3.5.3
#Organisms = mouse (Mus musculus)
26	36	15	23
31	14	19	36
26	13	35	26
67	5	21	7
20	34	11	35
3	91	1	6
2	0	98	0
98	1	1	0
70	0	1	29
99	0	0	0
1	98	1	0
2	61	2	35
54	13	24	10
46	21	18	16
37	19	20	24
22	20	30	28
28	19	24	30

#ID = PB0037
#Short = Isgf3g_1
#Long = Isgf3g_1
#W = 15
#Class = 3.5.3
#Organisms = mouse (Mus musculus)
28	31	21	20
40	11	25	24
46	9	33	11
78	2	6	15
86	3	2	9
32	13	11	43
3	82	3	12
4	1	95	1
96	2	1	1
94	0	1	4
96	1	0	2
3	88	8	1
3	29	1	66
37	17	23	24
80	7	5	7

#ID = PB0038
#Short = Jundm2_1
#Long = Jundm2_1
#W = 16
#Class = 1.1
#Organisms = mouse (Mus musculus)
21	31	24	23
13	45	25	17
13	14	53	20
57	14	24	5
0	2	0	98
0	1	84	15
97	0	1	2
0	90	0	9
9	0	90	0
2	1	0	97
15	84	1	0
98	0	2	0
1	32	4	63
17	55	12	16
26	17	43	14
23	27	17	34

#ID = PB0039
#Short = Klf7_1
#Long = Klf7_1
#W = 16
#Class = 2
#Organisms = mouse (Mus musculus)
20	20	17	43
17	30	25	29
27	15	40	19
55	6	34	5
5	90	2	3
4	92	1	3
41	57	2	1
1	98	0	1
20	0	75	5
0	99	0	0
0	99	0	0
0	93	0	7
26	42	2	29
18	25	9	48
35	20	14	32
26	17	24	34

#ID = PB0040
#Short = Lef1_1
#Long = Lef1_1
#W = 17
#Class = 4.7
#Organisms = mouse (Mus musculus)
28	21	28	23
33	15	30	22
29	15	24	32
7	40	14	38
7	62	14	17
1	91	4	5
2	2	0	97
1	1	0	99
2	0	0	97
1	3	95	2
97	0	0	3
8	0	0	92
3	68	28	2
20	12	6	62
35	17	22	27
28	15	17	40
25	34	22	19

#ID = PB0041
#Short = Mafb_1
#Long = Mafb_1
#W = 17
#Class = 1.1
#Organisms = mouse (Mus musculus)
42	18	16	24
59	6	20	15
65	2	5	27
34	10	5	51
17	8	27	48
4	3	0	92
1	0	97	1
3	95	0	1
2	1	0	97
2	0	93	5
98	1	1	1
1	89	2	8
26	11	24	39
33	15	9	43
54	11	24	11
26	7	49	18
31	31	17	22

#ID = PB0042
#Short = Mafk_1
#Long = Mafk_1
#W = 15
#Class = 1.1
#Organisms = mouse (Mus musculus)
25	19	20	36
49	8	16	28
74	3	10	13
68	3	6	23
62	4	3	31
39	10	12	38
4	8	1	87
2	1	93	3
11	85	1	4
5	3	1	91
5	1	82	12
92	2	2	5
1	72	4	23
15	10	9	66
19	22	17	42

#ID = PB0043
#Short = Max_1
#Long = Max_1
#W = 16
#Class = 1.3.2.2
#Organisms = mouse (Mus musculus)
23	15	30	31
20	15	44	21
58	27	8	7
14	48	31	8
2	97	0	0
97	0	2	1
0	91	1	8
8	1	91	0
1	2	0	97
0	0	97	2
15	24	39	22
7	8	27	58
19	35	25	22
27	23	30	20
16	11	48	25
17	10	42	30

#ID = PB0044
#Short = Mtf1_1
#Long = Mtf1_1
#W = 16
#Class = 2
#Organisms = mouse (Mus musculus)
22	10	42	26
15	21	42	21
23	16	41	20
17	40	9	34
3	93	2	2
1	0	98	1
4	2	4	89
1	1	97	1
1	26	0	73
1	0	98	1
2	96	1	1
98	0	1	1
50	23	14	13
54	29	4	12
32	17	26	25
27	26	20	27

#ID = PB0045
#Short = Myb_1
#Long = Myb_1
#W = 17
#Class = 3.5.1
#Organisms = mouse (Mus musculus)
33	22	18	28
21	10	20	49
22	15	35	28
26	15	32	27
38	26	14	22
76	1	15	8
83	1	9	8
3	96	0	1
1	83	16	1
0	0	99	0
1	1	1	98
1	23	0	76
68	2	18	11
31	19	11	39
33	23	8	35
29	30	8	33
24	21	22	33

#ID = PB0046
#Short = Mybl1_1
#Long = Mybl1_1
#W = 17
#Class = 3.5.1
#Organisms = mouse (Mus musculus)
22	24	20	34
24	9	23	43
24	16	37	24
37	19	22	22
39	21	10	30
78	1	16	5
84	1	8	7
3	97	0	1
1	83	15	1
0	0	99	0
0	1	1	98
1	17	0	82
71	1	20	8
32	24	14	30
25	24	9	42
29	31	7	33
26	21	22	31

#ID = PB0047
#Short = Myf6_1
#Long = Myf6_1
#W = 16
#Class = 1.2
#Organisms = mouse (Mus musculus)
25	20	39	15
35	20	32	12
39	17	25	19
17	23	41	18
66	4	26	3
72	4	21	4
0	99	0	1
97	1	1	2
8	9	75	8
2	27	41	30
2	3	1	94
1	1	98	1
12	20	23	46
3	53	13	31
20	38	11	31
18	19	43	20

#ID = PB0048
#Short = Nkx3-1_1
#Long = Nkx3-1_1
#W = 17
#Class = 3.1
#Organisms = mouse (Mus musculus)
32	36	13	19
27	15	14	44
31	13	21	35
51	15	23	11
32	18	28	23
6	82	11	1
0	87	0	13
96	0	0	4
3	96	0	0
0	0	0	99
0	5	0	95
93	1	1	6
75	5	10	11
21	34	35	10
24	24	28	24
49	17	21	12
18	25	25	32

#ID = PB0049
#Short = Nr2f2_1
#Long = Nr2f2_1
#W = 16
#Class = 2.1.2.16
#Organisms = mouse (Mus musculus)
25	18	27	29
26	38	15	20
14	24	24	37
25	34	18	24
86	4	5	6
80	1	18	1
81	0	19	0
0	0	99	1
0	0	97	2
0	0	2	98
0	96	1	4
93	0	7	0
31	33	8	29
24	25	38	13
28	23	23	26
21	21	36	21

#ID = PB0050
#Short = Osr1_1
#Long = Osr1_1
#W = 16
#Class = 2
#Organisms = mouse (Mus musculus)
26	25	22	26
24	23	19	34
26	19	24	31
32	17	16	35
82	12	3	3
1	97	0	2
66	0	34	0
0	0	99	0
5	0	1	94
97	0	2	0
1	0	99	0
0	92	1	7
45	16	11	28
39	30	19	12
36	21	18	25
42	11	29	18

#ID = PB0051
#Short = Osr2_1
#Long = Osr2_1
#W = 16
#Class = 2
#Organisms = mouse (Mus musculus)
30	23	18	30
29	19	19	34
29	24	33	15
26	19	8	46
84	12	2	2
1	98	0	1
66	0	34	0
0	0	99	0
4	0	1	95
98	0	2	0
0	0	99	0
0	95	1	4
34	23	13	29
34	32	17	17
36	18	15	31
27	14	44	16

#ID = PB0052
#Short = Plagl1_1
#Long = Plagl1_1
#W = 16
#Class = 2
#Organisms = mouse (Mus musculus)
12	24	30	34
24	28	19	29
20	15	47	18
19	11	51	18
5	4	84	7
13	0	85	2
0	1	96	3
0	65	34	0
0	34	65	0
3	96	1	0
2	85	0	13
7	84	4	5
19	54	6	20
21	23	26	30
38	19	26	17
23	26	30	21

#ID = PB0053
#Short = Rara_1
#Long = Rara_1
#W = 16
#Class = 2.1.2.2
#Organisms = mouse (Mus musculus)
22	18	27	33
28	36	12	25
11	27	23	39
24	41	15	20
85	5	4	6
81	1	17	1
91	1	9	0
0	0	99	1
0	0	90	10
0	0	1	99
0	98	1	2
96	0	3	0
18	52	8	22
18	38	31	12
23	23	22	32
22	17	37	24

#ID = PB0054
#Short = Rfx3_1
#Long = Rfx3_1
#W = 23
#Class = 3.3.4.1
#Organisms = mouse (Mus musculus)
22	23	15	40
26	13	32	29
12	19	17	52
11	28	41	20
34	31	12	22
19	37	16	28
17	58	13	12
1	93	5	2
26	29	13	33
0	1	0	98
85	1	14	0
4	0	96	0
1	92	0	7
94	0	4	1
99	0	0	0
0	99	0	1
21	37	32	10
32	19	37	12
33	18	23	27
30	19	13	38
30	27	10	34
42	19	13	26
39	20	13	28

#ID = PB0055
#Short = Rfx4_1
#Long = Rfx4_1
#W = 15
#Class = 3.3.4.1
#Organisms = mouse (Mus musculus)
14	32	21	33
36	28	14	22
17	56	18	9
0	96	3	1
40	25	12	23
0	1	0	98
77	1	22	0
4	0	95	0
1	95	0	4
96	0	3	1
99	0	1	0
0	99	0	1
11	35	46	7
28	18	37	16
28	18	22	32

#ID = PB0056
#Short = Rfxdc2_1
#Long = Rfxdc2_1
#W = 15
#Class = 3.3.4.1
#Organisms = mouse (Mus musculus)
19	31	21	29
14	43	19	24
26	28	36	10
1	86	10	3
37	24	15	24
1	11	0	88
84	1	14	0
3	0	96	1
1	85	0	14
93	0	5	1
98	1	1	0
0	99	0	1
11	31	55	3
28	18	41	13
31	19	28	22

#ID = PB0057
#Short = Rxra_1
#Long = Rxra_1
#W = 17
#Class = 2.1.2.12
#Organisms = mouse (Mus musculus)
24	22	24	31
14	28	34	23
26	26	19	29
12	41	22	25
22	8	37	34
0	5	0	95
3	1	96	0
99	1	0	0
11	89	0	0
1	99	0	0
0	77	0	23
1	85	3	11
33	4	27	37
21	26	15	38
39	18	30	14
40	27	10	23
20	23	21	35

#ID = PB0058
#Short = Sfpi1_1
#Long = Sfpi1_1
#W = 14
#Class = 3.5.2
#Organisms = mouse (Mus musculus)
21	27	23	28
30	10	29	31
59	5	15	20
46	5	17	32
19	16	59	6
40	29	29	2
5	0	95	0
0	0	99	0
97	0	0	2
94	0	0	6
5	27	67	1
6	9	3	83
30	12	27	31
28	28	22	23

#ID = PB0059
#Short = Six6_1
#Long = Six6_1
#W = 17
#Class = 3.1
#Organisms = mouse (Mus musculus)
32	16	29	23
40	17	11	32
36	6	18	40
38	15	34	14
12	3	82	3
2	2	92	3
15	1	84	0
0	0	5	95
97	0	3	0
0	0	0	99
1	97	0	2
94	1	3	2
26	32	8	34
35	17	18	30
24	14	14	48
35	22	17	26
18	21	17	43

#ID = PB0060
#Short = Smad3_1
#Long = Smad3_1
#W = 17
#Class = 2
#Organisms = mouse (Mus musculus)
28	41	11	19
34	14	27	26
40	17	17	26
37	20	21	23
24	18	22	35
3	81	4	13
0	82	4	14
93	6	1	0
1	0	99	0
97	2	0	1
1	98	0	0
67	1	28	4
13	17	33	36
20	29	25	26
42	19	16	22
21	29	29	20
37	29	15	19

#ID = PB0061
#Short = Sox11_1
#Long = Sox11_1
#W = 17
#Class = 4.7
#Organisms = mouse (Mus musculus)
35	24	14	27
20	24	28	29
35	17	21	27
48	11	17	23
28	7	48	17
86	4	8	1
98	0	0	2
1	98	1	1
99	0	0	1
99	1	0	0
69	0	0	30
19	0	80	1
35	7	57	1
54	18	19	9
20	30	21	29
29	20	18	33
39	22	15	25

#ID = PB0062
#Short = Sox12_1
#Long = Sox12_1
#W = 14
#Class = 4.7
#Organisms = mouse (Mus musculus)
12	23	11	53
42	24	3	32
84	0	1	14
1	1	1	97
2	0	1	97
5	1	93	1
2	0	1	97
4	6	2	88
23	42	18	17
16	11	7	66
29	26	20	25
57	11	11	22
42	15	9	34
27	28	20	25

#ID = PB0063
#Short = Sox13_1
#Long = Sox13_1
#W = 16
#Class = 4.7
#Organisms = mouse (Mus musculus)
27	12	17	44
19	24	18	40
37	14	16	33
50	11	28	11
13	9	62	16
83	2	13	3
96	1	1	2
2	90	1	7
94	1	1	4
95	1	3	1
4	3	1	93
47	2	8	44
42	9	12	38
36	10	18	36
21	20	12	47
30	16	7	46

#ID = PB0064
#Short = Sox14_1
#Long = Sox14_1
#W = 16
#Class = 4.7
#Organisms = mouse (Mus musculus)
19	14	36	30
27	31	12	30
22	22	19	38
58	10	9	23
90	3	1	5
9	2	3	86
19	2	2	77
79	1	18	2
2	18	1	79
77	2	2	19
86	3	2	9
5	1	3	90
37	10	13	40
44	11	15	29
26	8	32	34
27	29	21	23

#ID = PB0065
#Short = Sox15_1
#Long = Sox15_1
#W = 17
#Class = 4.7
#Organisms = mouse (Mus musculus)
29	14	12	45
28	21	28	23
20	17	34	29
34	9	20	37
22	7	49	23
80	5	9	7
93	1	1	5
2	89	1	8
96	1	1	2
97	1	1	2
9	2	1	89
48	1	10	41
30	10	46	13
46	12	31	12
21	24	22	33
33	18	12	38
19	19	19	43

#ID = PB0066
#Short = Sox17_1
#Long = Sox17_1
#W = 15
#Class = 4.7
#Organisms = mouse (Mus musculus)
38	28	18	15
31	15	18	36
48	6	24	22
77	8	8	8
72	2	2	24
2	86	4	9
95	1	1	3
97	0	1	2
2	1	1	96
18	2	8	72
39	17	35	9
69	9	8	15
42	10	6	42
27	31	12	30
39	12	18	31

#ID = PB0067
#Short = Sox18_1
#Long = Sox18_1
#W = 16
#Class = 4.7
#Organisms = mouse (Mus musculus)
17	24	19	40
37	13	12	39
15	33	21	30
41	29	2	28
93	1	1	6
2	1	1	96
2	0	1	97
11	3	84	2
5	1	2	92
11	8	5	76
21	28	25	26
23	14	8	55
37	28	17	18
48	10	18	25
38	28	14	21
35	24	15	26

#ID = PB0068
#Short = Sox1_1
#Long = Sox1_1
#W = 16
#Class = 4.7
#Organisms = mouse (Mus musculus)
34	23	9	34
38	16	18	29
21	18	23	38
14	46	11	29
67	10	3	20
90	3	2	6
6	3	2	89
13	2	3	82
6	67	24	3
90	3	2	5
59	7	5	29
16	7	5	72
50	12	15	24
36	27	17	21
30	11	28	31
14	16	32	38

#ID = PB0069
#Short = Sox21_1
#Long = Sox21_1
#W = 16
#Class = 4.7
#Organisms = mouse (Mus musculus)
25	25	14	36
34	20	11	35
21	21	18	40
38	18	16	27
85	2	2	10
12	3	3	82
24	2	2	73
82	2	12	4
4	12	2	82
73	2	2	24
82	3	3	12
10	2	2	85
36	8	12	43
40	7	26	27
39	8	21	31
24	15	33	29

#ID = PB0070
#Short = Sox30_1
#Long = Sox30_1
#W = 16
#Class = 4.7
#Organisms = mouse (Mus musculus)
37	10	32	20
33	18	16	33
29	8	29	33
16	23	44	17
72	5	20	3
96	0	0	4
0	86	1	12
98	1	0	1
98	0	2	0
7	0	1	92
16	11	47	27
33	9	51	6
46	18	15	21
39	24	15	22
19	27	18	37
18	24	17	41

#ID = PB0071
#Short = Sox4_1
#Long = Sox4_1
#W = 17
#Class = 4.7
#Organisms = mouse (Mus musculus)
43	23	12	22
20	24	30	26
30	16	29	25
43	15	20	22
26	8	48	19
84	5	10	1
98	0	0	1
0	98	1	1
99	0	0	1
99	0	0	0
77	0	0	22
24	0	76	0
37	9	53	1
48	20	24	8
19	36	22	24
25	23	16	36
40	18	16	25

#ID = PB0072
#Short = Sox5_1
#Long = Sox5_1
#W = 16
#Class = 4.7
#Organisms = mouse (Mus musculus)
31	13	17	39
26	20	15	40
26	12	26	36
45	9	29	17
15	9	63	13
83	3	13	2
98	0	1	1
1	94	1	5
97	0	1	2
97	0	1	1
3	1	0	95
49	2	9	41
45	10	24	20
43	11	22	23
33	25	9	32
33	11	18	37

#ID = PB0073
#Short = Sox7_1
#Long = Sox7_1
#W = 22
#Class = 4.7
#Organisms = mouse (Mus musculus)
36	30	12	22
31	23	17	30
15	18	24	43
38	10	28	25
39	17	13	30
44	7	21	27
36	7	37	19
79	4	9	8
96	0	0	3
0	95	1	3
98	0	0	1
99	0	1	0
6	0	0	93
50	2	24	24
31	9	53	7
42	20	16	23
34	22	19	25
19	30	17	34
24	14	13	49
29	27	12	32
22	30	23	25
49	17	8	26

#ID = PB0074
#Short = Sox8_1
#Long = Sox8_1
#W = 17
#Class = 4.7
#Organisms = mouse (Mus musculus)
24	20	28	28
24	14	28	34
51	13	14	22
19	9	13	60
15	33	19	33
38	13	4	45
95	1	1	4
1	3	0	96
2	1	1	96
15	4	81	1
11	1	1	87
9	10	6	75
25	43	8	23
25	17	15	43
21	14	30	36
32	15	16	37
48	13	15	24

#ID = PB0075
#Short = Sp100_1
#Long = Sp100_1
#W = 14
#Organisms = mouse (Mus musculus)
40	13	34	13
32	3	6	59
16	3	4	77
27	15	4	54
22	24	17	36
31	30	17	22
0	99	1	0
0	12	87	0
9	9	59	23
78	8	6	8
87	1	3	9
71	5	3	22
49	14	10	28
19	11	21	49

#ID = PB0076
#Short = Sp4_1
#Long = Sp4_1
#W = 17
#Class = 2
#Organisms = mouse (Mus musculus)
16	22	37	25
25	16	35	25
24	26	17	34
26	49	5	20
45	55	0	0
0	99	0	0
4	0	93	3
0	99	0	0
0	99	1	0
0	96	0	3
15	84	0	1
1	91	1	7
8	27	6	59
15	29	14	42
20	35	25	19
18	30	19	32
13	38	25	25

#ID = PB0077
#Short = Spdef_1
#Long = Spdef_1
#W = 16
#Class = 3.5.2
#Organisms = mouse (Mus musculus)
28	27	33	12
19	29	17	35
49	3	45	4
9	61	13	16
71	1	4	24
2	1	1	96
1	99	1	0
1	99	0	0
0	1	87	12
0	9	86	5
57	7	19	17
18	6	4	72
26	25	16	34
18	30	13	39
15	23	15	47
9	31	19	40

#ID = PB0078
#Short = Srf_1
#Long = Srf_1
#W = 14
#Class = 4.4
#Organisms = mouse (Mus musculus)
28	17	14	41
31	16	16	37
5	91	2	3
1	81	1	16
59	5	5	32
31	1	1	67
72	1	3	23
23	3	1	72
67	1	1	31
35	3	2	60
16	1	81	1
3	2	91	5
32	19	17	32
64	15	10	12

#ID = PB0079
#Short = Sry_1
#Long = Sry_1
#W = 16
#Class = 4.7
#Organisms = mouse (Mus musculus)
17	24	25	33
32	26	12	31
24	18	25	33
43	16	14	27
96	1	1	2
5	1	1	93
7	1	1	91
92	0	7	1
1	7	0	92
91	1	1	7
93	1	1	5
2	1	1	96
42	14	27	18
34	12	18	36
25	10	25	41
25	32	22	21

#ID = PB0080
#Short = Tbp_1
#Long = Tbp_1
#W = 16
#Class = 4.6
#Organisms = mouse (Mus musculus)
22	27	22	29
12	40	12	35
29	23	12	35
38	10	11	41
27	4	2	67
65	1	1	34
8	1	0	91
77	0	0	23
23	0	0	77
91	0	1	8
34	1	1	65
67	2	4	27
47	11	10	32
37	29	10	24
20	13	22	45
35	22	23	20

#ID = PB0081
#Short = Tcf1_1
#Long = Tcf1_1
#W = 17
#Class = 3.1
#Organisms = mouse (Mus musculus)
31	25	23	21
21	39	16	24
9	23	19	50
24	30	13	32
45	15	31	9
14	9	67	9
7	7	1	85
3	0	0	97
97	1	0	2
97	0	1	1
2	90	4	4
5	29	4	61
59	5	20	16
57	12	21	10
34	13	30	23
32	25	21	22
32	18	30	20

#ID = PB0082
#Short = Tcf3_1
#Long = Tcf3_1
#W = 17
#Class = 4.7
#Organisms = mouse (Mus musculus)
19	20	18	43
37	23	12	27
25	17	13	45
58	4	13	24
4	40	50	7
76	1	1	23
6	1	0	93
4	87	6	3
96	0	0	3
97	0	1	1
94	0	2	4
13	6	80	2
21	17	48	13
49	13	31	8
40	20	15	25
31	23	16	30
32	21	16	31

#ID = PB0083
#Short = Tcf7_1
#Long = Tcf7_1
#W = 17
#Class = 4.7
#Organisms = mouse (Mus musculus)
17	20	22	41
34	23	14	29
30	17	14	38
60	5	13	21
4	38	53	5
73	1	1	26
7	1	0	92
5	82	10	4
96	1	1	3
96	0	2	2
94	1	2	4
16	6	76	2
23	15	52	9
56	12	25	6
49	21	12	17
31	25	13	31
33	25	12	30

#ID = PB0084
#Short = Tcf7l2_1
#Long = Tcf7l2_1
#W = 17
#Class = 4.7
#Organisms = mouse (Mus musculus)
29	19	25	27
28	16	26	31
24	16	25	35
8	33	15	44
9	53	18	20
1	88	3	7
2	2	0	96
1	1	0	98
3	0	0	97
1	3	93	3
95	0	0	5
11	0	0	89
4	57	35	3
22	14	4	59
36	17	22	25
23	14	23	39
35	24	23	17

#ID = PB0085
#Short = Tcfap2a_1
#Long = Tcfap2a_1
#W = 15
#Class = 1.6.1.0; 1.6
#Transfac class = C0032
#Organisms = mouse (Mus musculus)
42	10	12	35
25	17	20	38
23	23	7	47
1	50	46	2
1	99	0	0
0	86	0	14
1	32	19	49
4	38	50	9
49	19	32	1
14	0	86	0
0	0	99	1
2	46	50	1
35	9	42	14
56	13	13	17
33	20	24	23

#ID = PB0086
#Short = Tcfap2b_1
#Long = Tcfap2b_1
#W = 14
#Class = 1.6.1.0; 1.6
#Transfac class = C0032
#Organisms = mouse (Mus musculus)
24	13	20	43
17	35	6	42
4	23	72	2
1	93	6	1
0	97	0	3
0	63	3	34
2	29	27	41
59	14	25	3
34	3	63	0
3	0	97	0
1	6	93	1
2	72	23	4
66	8	15	11
32	17	17	34

#ID = PB0087
#Short = Tcfap2c_1
#Long = Tcfap2c_1
#W = 15
#Class = 1.6.1.0; 1.6
#Transfac class = C0032
#Organisms = mouse (Mus musculus)
45	10	10	35
23	19	18	40
23	26	7	44
1	46	51	2
1	98	0	0
0	89	0	11
1	35	11	54
4	35	53	8
54	11	35	1
11	0	89	0
0	0	98	1
2	51	46	1
31	10	44	15
57	14	12	17
33	18	22	28

#ID = PB0088
#Short = Tcfap2e_1
#Long = Tcfap2e_1
#W = 15
#Class = 1.6
#Organisms = mouse (Mus musculus)
37	17	16	29
26	21	19	33
29	28	7	35
1	27	70	2
1	98	1	1
0	96	1	3
0	28	12	59
2	38	54	5
59	12	28	0
3	1	96	0
1	1	98	1
2	70	27	1
33	9	33	24
56	15	14	15
26	22	24	27

#ID = PB0089
#Short = Tcfe2a_1
#Long = Tcfe2a_1
#W = 17
#Class = 1.2.0; 1.2.1.0; 1.2; 1.2.2.0
#Transfac class = C0010
#Organisms = mouse (Mus musculus)
31	23	24	22
17	17	22	44
21	43	16	20
28	33	16	23
44	28	25	3
1	98	0	0
98	2	0	0
0	19	80	1
2	9	89	0
0	1	0	99
0	0	99	1
2	66	15	17
30	9	45	16
35	21	24	19
40	17	20	23
30	28	20	22
38	15	16	31

#ID = PB0090
#Short = Zbtb12_1
#Long = Zbtb12_1
#W = 17
#Class = 2
#Organisms = mouse (Mus musculus)
16	35	27	21
21	21	22	36
33	22	19	27
51	4	42	3
7	20	41	32
2	0	97	0
2	1	1	97
2	0	1	97
0	99	0	0
0	4	0	96
98	1	1	0
1	0	98	0
84	2	13	1
17	15	9	60
7	58	7	28
38	25	21	16
17	31	23	30

#ID = PB0091
#Short = Zbtb3_1
#Long = Zbtb3_1
#W = 17
#Class = 2
#Organisms = mouse (Mus musculus)
40	14	27	19
43	17	22	18
17	27	27	28
15	30	29	26
13	28	43	15
4	94	0	1
89	0	10	0
0	95	4	0
1	0	0	98
0	0	98	1
0	90	7	2
91	6	2	2
8	33	23	37
14	16	18	51
12	33	30	25
14	31	30	24
11	24	35	30

#ID = PB0092
#Short = Zbtb7b_1
#Long = Zbtb7b_1
#W = 15
#Class = 2
#Organisms = mouse (Mus musculus)
35	17	28	20
37	14	26	23
23	17	44	16
5	71	22	1
1	98	1	0
1	99	0	0
1	98	0	0
0	97	0	2
9	79	3	9
37	16	11	36
62	15	4	19
67	11	7	14
43	6	18	32
49	22	9	20
14	24	16	46

#ID = PB0093
#Short = Zfp105_1
#Long = Zfp105_1
#W = 15
#Class = 2
#Organisms = mouse (Mus musculus)
36	18	15	31
42	13	22	22
16	42	5	36
72	12	6	10
88	3	3	6
56	15	3	26
27	40	3	30
94	1	3	1
90	1	4	6
31	52	6	12
88	3	5	4
71	5	4	20
25	13	32	31
43	18	18	21
34	10	36	21

#ID = PB0094
#Short = Zfp128_1
#Long = Zfp128_1
#W = 17
#Class = 2
#Organisms = mouse (Mus musculus)
19	22	26	32
29	31	10	30
29	16	13	42
25	13	28	34
22	3	37	39
2	1	88	10
19	0	73	8
0	99	0	1
7	0	93	0
0	0	0	99
99	0	0	0
1	99	0	0
15	62	19	4
10	56	11	23
18	26	18	38
43	22	14	21
45	12	22	21

#ID = PB0095
#Short = Zfp161_1
#Long = Zfp161_1
#W = 16
#Class = 2
#Organisms = mouse (Mus musculus)
14	11	28	46
22	8	50	20
29	4	60	6
11	56	22	12
11	2	85	1
2	94	1	4
9	0	90	0
0	90	0	9
4	1	94	2
1	85	2	11
33	5	52	11
6	60	4	29
21	39	13	27
13	37	9	41
27	10	48	15
36	16	19	29

#ID = PB0096
#Short = Zfp187_1
#Long = Zfp187_1
#W = 14
#Class = 2
#Organisms = mouse (Mus musculus)
19	28	24	29
13	19	11	57
94	2	3	1
1	2	0	96
1	0	99	0
6	1	3	90
90	0	9	1
0	94	0	5
3	27	4	66
97	1	0	2
98	0	1	1
2	1	1	97
43	12	12	33
45	28	6	21

#ID = PB0097
#Short = Zfp281_1
#Long = Zfp281_1
#W = 15
#Class = 2
#Organisms = mouse (Mus musculus)
20	17	20	43
14	44	18	24
26	56	7	11
14	74	5	7
4	88	5	3
25	59	2	14
12	59	3	25
2	94	1	3
4	95	0	1
2	95	1	2
2	96	1	1
3	94	1	2
30	52	3	15
16	51	5	28
16	65	13	6

#ID = PB0098
#Short = Zfp410_1
#Long = Zfp410_1
#W = 17
#Class = 2
#Organisms = mouse (Mus musculus)
30	13	25	31
38	19	25	18
18	14	26	41
31	4	24	42
82	11	3	4
2	1	1	96
1	0	97	1
1	0	99	1
1	0	98	1
95	1	2	1
1	0	1	98
15	0	84	1
0	4	54	41
41	38	13	8
26	16	27	31
39	14	21	26
34	27	21	18

#ID = PB0099
#Short = Zfp691_1
#Long = Zfp691_1
#W = 17
#Class = 2
#Organisms = mouse (Mus musculus)
10	44	20	26
25	14	33	28
31	26	16	26
44	20	21	15
12	67	8	12
94	1	5	0
0	0	99	1
1	0	0	99
1	0	98	0
1	99	0	0
0	1	0	99
0	99	0	0
52	40	6	3
12	39	15	34
31	17	13	40
39	13	29	19
31	15	16	38

#ID = PB0100
#Short = Zfp740_1
#Long = Zfp740_1
#W = 16
#Class = 2
#Organisms = mouse (Mus musculus)
14	40	14	33
19	42	22	18
17	34	17	31
15	59	15	12
14	66	11	9
22	75	1	2
2	96	0	1
1	98	0	1
1	98	0	1
3	96	0	2
20	76	1	4
49	36	3	12
31	40	7	23
25	23	21	30
16	30	14	40
18	29	32	21

#ID = PB0101
#Short = Zic1_1
#Long = Zic1_1
#W = 14
#Class = 2
#Organisms = mouse (Mus musculus)
17	37	27	19
36	31	11	22
9	79	3	9
11	78	5	5
11	84	3	3
5	83	7	6
15	59	23	3
5	18	61	17
6	7	83	5
3	3	84	11
5	5	78	11
9	3	79	9
6	7	72	15
10	19	59	12

#ID = PB0102
#Short = Zic2_1
#Long = Zic2_1
#W = 15
#Class = 2
#Organisms = mouse (Mus musculus)
17	30	28	25
27	49	9	14
14	72	3	11
12	77	5	6
10	84	3	3
6	81	7	6
6	77	16	2
7	11	63	19
6	7	81	6
3	3	84	10
6	5	77	12
11	3	72	14
12	7	61	20
7	22	56	16
18	20	21	42

#ID = PB0103
#Short = Zic3_1
#Long = Zic3_1
#W = 15
#Class = 2
#Organisms = mouse (Mus musculus)
13	37	25	24
31	45	9	15
13	72	3	12
13	75	5	7
12	81	4	4
5	82	8	6
5	79	14	2
6	9	67	19
6	8	82	5
4	4	81	12
7	5	75	13
12	3	72	13
10	7	64	19
7	20	58	15
15	24	23	39

#ID = PB0104
#Short = Zscan4_1
#Long = Zscan4_1
#W = 17
#Class = 2
#Organisms = mouse (Mus musculus)
20	16	31	33
36	27	15	23
25	30	24	21
49	12	21	18
12	5	6	77
2	1	97	0
1	3	1	96
3	0	97	0
0	97	0	3
96	1	3	1
0	97	1	2
77	6	5	12
4	38	4	53
75	5	4	16
36	23	9	32
44	11	22	23
30	29	20	21

#ID = PB0105
#Short = Arid3a_2
#Long = Arid3a_2
#W = 15
#Class = 3
#Organisms = mouse (Mus musculus)
31	28	16	25
25	30	22	23
26	34	25	16
27	34	33	6
37	15	39	8
7	19	16	58
81	7	10	2
4	17	10	69
18	58	21	3
50	7	25	17
35	10	27	28
44	21	25	10
25	9	18	49
22	32	12	34
20	10	33	37

#ID = PB0106
#Short = Arid5a_2
#Long = Arid5a_2
#W = 17
#Class = 3
#Organisms = mouse (Mus musculus)
17	30	27	25
30	17	30	23
14	27	9	50
28	19	25	27
28	36	18	17
67	6	6	21
83	7	5	4
4	5	10	81
78	12	6	4
9	74	15	2
12	18	69	1
53	6	26	14
41	10	29	21
43	14	19	24
15	28	25	32
35	20	28	17
44	21	21	13

#ID = PB0107
#Short = Ascl2_2
#Long = Ascl2_2
#W = 16
#Class = 1.2.3
#Organisms = mouse (Mus musculus)
11	35	29	25
19	25	12	44
34	30	20	16
31	12	16	41
14	60	12	13
8	72	14	7
15	69	7	10
14	65	13	9
34	9	37	20
3	63	7	26
12	62	10	16
11	63	9	17
20	25	22	33
42	12	28	18
11	22	25	43
19	30	15	36

#ID = PB0108
#Short = Atf1_2
#Long = Atf1_2
#W = 14
#Class = 1.1
#Organisms = mouse (Mus musculus)
19	21	42	18
32	11	29	28
65	11	20	4
4	5	5	86
8	5	81	6
83	4	7	7
4	86	5	5
16	3	78	3
56	23	8	12
40	2	35	23
2	26	21	51
69	7	10	14
46	11	18	26
26	30	20	24

#ID = PB0109
#Short = Bbx_2
#Long = Bbx_2
#W = 17
#Class = 4.7
#Organisms = mouse (Mus musculus)
20	23	18	40
30	27	34	8
49	15	6	31
22	27	21	30
16	26	26	31
7	4	81	7
6	3	9	81
5	10	5	80
82	5	9	4
75	18	3	5
16	69	4	11
64	14	16	6
14	27	42	17
28	23	16	33
17	23	29	31
30	13	39	19
28	21	37	14

#ID = PB0110
#Short = Bcl6b_2
#Long = Bcl6b_2
#W = 16
#Class = 2
#Organisms = mouse (Mus musculus)
32	28	15	25
17	26	26	32
18	33	26	24
17	39	24	21
7	78	7	8
5	80	3	12
22	6	55	16
7	82	3	7
7	85	6	2
3	86	6	5
6	80	7	7
35	3	20	42
31	26	18	26
46	29	9	16
32	23	17	28
37	27	20	16

#ID = PB0111
#Short = Bhlhb2_2
#Long = Bhlhb2_2
#W = 23
#Class = 1.2
#Organisms = mouse (Mus musculus)
12	34	12	41
22	17	42	19
13	26	10	51
14	41	29	17
30	16	30	25
22	29	15	34
5	3	12	80
52	29	17	2
5	94	0	0
90	1	7	2
0	97	1	2
2	1	97	0
2	7	1	90
0	0	94	5
0	9	69	22
80	12	3	5
33	16	28	24
28	13	45	14
13	25	42	19
40	43	5	12
28	12	42	19
16	9	65	10
20	17	11	52

#ID = PB0112
#Short = E2F2_2
#Long = E2F2_2
#W = 17
#Class = 3.3.3
#Organisms = mouse (Mus musculus)
27	28	18	27
23	29	29	19
18	29	19	34
32	6	13	49
11	48	1	41
15	1	80	3
0	19	79	1
5	94	1	0
1	0	95	4
1	87	12	0
5	78	1	17
78	1	11	9
61	17	10	12
36	21	22	21
29	26	28	17
16	17	37	29
16	28	33	23

#ID = PB0113
#Short = E2F3_2
#Long = E2F3_2
#W = 17
#Class = 3.3.3
#Organisms = mouse (Mus musculus)
27	27	22	24
20	26	34	20
18	36	10	36
35	5	10	50
11	45	1	43
11	2	85	2
0	13	86	0
3	96	0	0
1	0	97	3
1	91	8	0
3	83	1	13
76	2	9	13
53	27	10	10
33	15	31	21
33	31	23	12
18	23	38	22
18	33	28	20

#ID = PB0114
#Short = Egr1_2
#Long = Egr1_2
#W = 16
#Class = 2
#Organisms = mouse (Mus musculus)
18	23	28	31
12	16	37	35
21	34	19	27
14	28	30	28
12	2	81	5
65	12	18	5
2	1	95	1
2	1	32	66
17	1	81	2
2	1	95	2
4	3	78	15
73	3	9	15
20	43	6	32
26	20	9	45
27	20	32	22
23	25	27	26

#ID = PB0115
#Short = Ehf_2
#Long = Ehf_2
#W = 16
#Class = 3.5.2
#Organisms = mouse (Mus musculus)
31	3	11	55
36	11	18	35
30	24	36	10
24	11	27	37
74	6	12	7
16	23	26	35
7	1	1	90
7	1	1	90
2	93	1	4
3	92	2	3
3	7	60	30
78	8	4	10
27	16	13	44
7	55	35	4
32	13	15	40
33	11	10	46

#ID = PB0116
#Short = Elf3_2
#Long = Elf3_2
#W = 17
#Class = 3.5.2
#Organisms = mouse (Mus musculus)
16	15	49	20
12	31	22	34
11	13	15	60
22	49	10	19
40	29	10	21
63	7	7	22
67	10	7	17
63	10	4	24
72	9	2	16
73	5	2	20
67	12	4	17
69	5	4	22
51	16	10	24
41	30	15	15
19	28	10	43
27	15	26	31
22	46	6	26

#ID = PB0117
#Short = Eomes_2
#Long = Eomes_2
#W = 16
#Organisms = mouse (Mus musculus)
25	25	30	20
11	34	34	20
30	22	34	14
24	13	42	21
89	1	6	4
5	5	86	4
1	2	97	1
0	6	0	93
2	1	97	0
12	3	5	81
3	60	1	36
2	5	79	14
18	46	28	8
12	49	15	24
15	25	21	39
22	32	25	21

#ID = PB0118
#Short = Esrra_2
#Long = Esrra_2
#W = 17
#Class = 2.1.1.5
#Organisms = mouse (Mus musculus)
25	27	35	13
16	8	39	37
18	29	28	25
21	25	28	27
76	5	2	17
2	2	95	1
21	5	75	0
1	0	98	1
0	0	99	1
3	0	1	96
0	97	1	2
92	0	7	0
42	23	11	24
29	16	34	20
20	28	31	21
13	26	38	23
27	38	12	23

#ID = PB0119
#Short = Foxa2_2
#Long = Foxa2_2
#W = 15
#Class = 3.3
#Organisms = mouse (Mus musculus)
34	23	28	15
35	24	26	16
43	13	19	25
59	9	16	16
59	23	9	10
9	10	10	71
79	6	8	7
74	3	9	14
7	72	6	15
82	8	3	7
60	15	10	15
53	14	19	14
23	29	28	20
20	23	43	13
20	29	31	20

#ID = PB0120
#Short = Foxj1_2
#Long = Foxj1_2
#W = 15
#Class = 3.3
#Organisms = mouse (Mus musculus)
43	17	17	23
19	28	20	33
34	19	37	10
8	19	23	50
19	54	19	9
81	3	15	1
4	55	4	37
85	3	7	5
80	14	3	3
10	80	6	4
69	3	12	15
52	14	18	16
17	39	23	21
44	20	23	14
23	45	15	17

#ID = PB0121
#Short = Foxj3_2
#Long = Foxj3_2
#W = 17
#Class = 3.3
#Organisms = mouse (Mus musculus)
32	25	22	22
35	16	23	26
17	30	26	26
53	10	26	11
21	39	20	21
3	85	1	10
67	28	4	1
50	24	1	25
91	4	2	3
95	1	1	2
1	86	1	12
96	1	1	2
41	13	14	32
47	13	7	34
21	10	41	27
18	31	35	16
29	22	24	25

#ID = PB0122
#Short = Foxk1_2
#Long = Foxk1_2
#W = 15
#Class = 3.3
#Organisms = mouse (Mus musculus)
24	43	14	19
37	25	12	27
49	22	11	18
74	4	15	7
8	55	3	34
59	29	8	4
91	3	5	1
1	57	1	41
95	2	2	1
90	2	3	5
8	80	3	10
82	4	5	8
25	34	14	26
32	34	13	21
23	26	17	34

#ID = PB0123
#Short = Foxl1_2
#Long = Foxl1_2
#W = 16
#Class = 3.3
#Organisms = mouse (Mus musculus)
56	12	8	23
32	15	18	35
48	12	17	23
20	16	19	45
3	57	2	38
64	17	2	17
57	11	1	31
89	5	1	4
91	3	3	3
1	74	2	22
91	2	3	4
70	7	8	15
45	32	6	18
59	13	14	14
26	33	17	24
36	33	15	16

#ID = PB0124
#Short = Gabpa_2
#Long = Gabpa_2
#W = 16
#Class = 3.5.2
#Organisms = mouse (Mus musculus)
23	55	14	8
10	53	10	27
25	20	30	25
14	20	23	43
16	44	8	31
31	13	7	49
9	15	8	68
8	63	7	21
10	64	10	16
7	45	36	12
29	47	6	18
20	42	13	24
11	32	19	38
20	32	31	17
35	29	23	13
25	29	19	26

#ID = PB0125
#Short = Gata3_2
#Long = Gata3_2
#W = 22
#Class = 2.2.1
#Organisms = mouse (Mus musculus)
18	32	12	39
14	18	21	48
25	24	17	34
24	21	24	31
27	21	36	15
10	32	19	39
50	14	3	33
5	2	90	3
92	3	2	3
3	7	2	87
24	23	23	30
11	22	28	39
15	17	14	55
84	5	6	5
4	7	7	82
5	85	3	7
38	2	40	20
38	22	26	15
9	36	28	27
30	18	18	34
30	25	11	33
35	27	14	24

#ID = PB0126
#Short = Gata5_2
#Long = Gata5_2
#W = 17
#Class = 2.2.1
#Organisms = mouse (Mus musculus)
30	23	37	11
36	29	18	17
17	35	24	24
36	26	16	22
28	8	49	14
86	7	3	4
6	2	85	7
92	4	4	1
3	1	5	91
83	13	1	3
5	3	12	80
7	82	2	8
51	3	11	35
23	15	44	19
18	29	16	37
17	27	28	28
14	16	35	36

#ID = PB0127
#Short = Gata6_2
#Long = Gata6_2
#W = 17
#Class = 2.2.1
#Organisms = mouse (Mus musculus)
10	8	66	17
10	47	27	16
15	23	41	21
28	22	32	18
11	72	8	9
6	4	82	8
68	23	6	3
3	1	7	90
90	7	1	3
3	6	23	68
8	82	4	6
9	8	72	11
8	51	27	14
44	30	20	6
9	18	58	14
14	49	7	29
25	17	29	29

#ID = PB0128
#Short = Gcm1_2
#Long = Gcm1_2
#W = 17
#Class = 2
#Transfac class = C0031
#Organisms = mouse (Mus musculus)
30	12	24	34
18	17	37	27
15	44	25	16
21	22	37	20
26	32	19	24
87	5	7	1
1	2	1	96
89	4	6	1
7	1	80	12
1	1	95	3
0	1	98	1
1	1	97	1
50	15	34	1
11	35	38	16
37	10	46	7
45	39	7	9
10	23	39	28

#ID = PB0129
#Short = Glis2_2
#Long = Glis2_2
#W = 14
#Class = 2
#Organisms = mouse (Mus musculus)
37	23	9	32
34	16	21	29
6	7	9	77
71	6	14	9
17	9	9	64
10	9	14	68
71	7	13	9
37	18	13	32
18	15	9	58
71	7	5	17
68	6	9	17
71	17	3	9
22	16	46	16
41	21	22	15

#ID = PB0130
#Short = Gm397_2
#Long = Gm397_2
#W = 16
#Class = 2
#Organisms = mouse (Mus musculus)
36	19	25	20
29	22	43	6
35	44	3	18
34	19	39	8
11	1	88	1
2	97	1	0
97	0	2	0
1	98	0	1
97	1	2	0
1	94	3	2
76	11	7	6
16	82	1	2
5	6	51	38
13	54	12	21
37	29	24	10
36	32	10	23

#ID = PB0131
#Short = Gmeb1_2
#Long = Gmeb1_2
#W = 16
#Organisms = mouse (Mus musculus)
17	14	27	42
15	12	58	16
25	19	43	13
12	23	39	25
23	66	2	9
27	15	52	6
69	12	7	12
4	90	4	2
2	4	90	4
12	7	12	69
6	52	15	27
9	2	66	23
12	19	8	61
10	27	11	51
38	29	13	21
43	19	11	27

#ID = PB0132
#Short = Hbp1_2
#Long = Hbp1_2
#W = 17
#Class = 4.7
#Organisms = mouse (Mus musculus)
31	15	20	34
26	15	33	25
18	14	29	39
5	36	18	41
9	72	9	9
10	72	4	13
6	79	3	13
90	2	2	6
4	4	2	89
4	1	1	93
10	3	71	16
6	5	14	76
30	28	32	10
26	26	20	28
56	12	19	12
10	36	31	23
27	23	20	30

#ID = PB0133
#Short = Hic1_2
#Long = Hic1_2
#W = 16
#Class = 2
#Organisms = mouse (Mus musculus)
20	15	36	28
11	24	44	21
21	18	38	23
24	15	30	31
31	3	59	7
1	1	1	98
13	1	86	1
1	97	1	1
1	97	1	1
2	97	1	1
56	17	11	16
59	4	7	30
30	19	22	28
30	25	21	24
28	16	31	25
27	27	30	17

#ID = PB0134
#Short = Hnf4a_2
#Long = Hnf4a_2
#W = 16
#Class = 2.1.2.11
#Organisms = mouse (Mus musculus)
13	17	35	35
11	14	37	37
20	41	16	23
31	31	12	26
90	1	4	5
78	2	17	3
95	0	4	0
0	0	99	1
0	0	1	98
2	97	0	1
0	98	0	1
89	0	10	1
51	31	7	11
18	12	13	57
29	28	17	27
32	23	13	32

#ID = PB0135
#Short = Hoxa3_2
#Long = Hoxa3_2
#W = 14
#Class = 3.1
#Organisms = mouse (Mus musculus)
57	14	16	13
51	21	7	20
55	5	27	13
59	15	6	20
32	18	19	31
15	75	10	1
2	34	32	33
86	7	4	3
5	2	2	92
9	8	1	82
86	2	2	9
48	5	32	14
15	28	42	15
26	14	48	11

#ID = PB0136
#Short = IRC900814_2
#Long = IRC900814_2
#W = 16
#Organisms = mouse (Mus musculus)
50	10	24	16
8	30	17	45
15	18	43	24
23	13	43	21
75	2	17	6
91	2	7	0
91	6	1	3
4	4	55	38
2	7	1	90
1	97	1	2
1	0	98	1
2	3	3	92
51	7	35	7
62	9	14	15
51	19	20	11
50	14	13	23

#ID = PB0137
#Short = Irf3_2
#Long = Irf3_2
#W = 14
#Class = 3.5.3
#Organisms = mouse (Mus musculus)
24	15	41	20
20	14	44	23
60	9	12	19
21	6	65	8
75	3	5	18
77	5	4	14
48	9	18	26
6	11	75	7
6	7	82	5
27	9	22	42
6	38	42	13
5	60	17	19
27	15	38	20
38	20	22	20

#ID = PB0138
#Short = Irf4_2
#Long = Irf4_2
#W = 15
#Class = 3.5.3
#Organisms = mouse (Mus musculus)
29	25	29	18
19	28	35	18
18	30	20	32
56	11	10	23
15	31	5	48
3	2	3	91
4	89	3	4
5	17	7	72
3	91	2	3
19	3	75	2
21	10	62	7
31	4	17	48
21	32	8	40
24	20	29	27
17	40	26	17

#ID = PB0139
#Short = Irf5_2
#Long = Irf5_2
#W = 15
#Class = 3.5.3
#Organisms = mouse (Mus musculus)
16	24	23	38
23	19	12	46
28	20	29	23
75	6	8	11
17	34	15	34
9	83	3	5
2	1	96	1
93	1	5	1
0	4	95	1
96	1	2	2
50	3	41	7
15	19	3	64
20	21	15	44
17	39	22	22
21	32	29	18

#ID = PB0140
#Short = Irf6_2
#Long = Irf6_2
#W = 15
#Class = 3.5.3
#Organisms = mouse (Mus musculus)
33	26	23	19
15	32	27	27
14	40	21	26
53	12	8	26
20	59	9	12
3	2	7	88
2	89	5	4
4	30	9	58
2	92	2	4
12	6	72	11
21	11	61	7
11	8	27	53
23	39	15	23
33	14	31	22
22	31	28	19

#ID = PB0141
#Short = Isgf3g_2
#Long = Isgf3g_2
#W = 14
#Class = 3.5.3
#Organisms = mouse (Mus musculus)
11	18	48	23
22	35	32	11
53	14	16	17
60	6	15	20
79	5	7	9
78	3	11	8
12	59	23	7
64	7	11	19
11	26	31	33
21	7	30	42
64	9	9	18
19	54	13	15
19	24	18	39
39	11	28	22

#ID = PB0142
#Short = Jundm2_2
#Long = Jundm2_2
#W = 16
#Class = 1.1
#Organisms = mouse (Mus musculus)
33	28	22	17
25	13	27	34
10	14	27	49
21	12	49	18
63	3	33	1
0	1	0	98
0	1	90	9
91	7	0	1
1	44	53	1
1	1	0	98
4	95	1	0
99	0	1	0
2	52	3	43
33	41	10	16
32	22	24	23
31	29	19	21

#ID = PB0143
#Short = Klf7_2
#Long = Klf7_2
#W = 17
#Class = 2
#Organisms = mouse (Mus musculus)
39	26	25	10
42	21	23	14
26	19	31	23
6	37	21	35
61	1	11	28
18	1	7	74
76	22	1	1
0	98	0	1
4	0	95	1
1	98	1	0
1	98	1	0
1	93	0	6
39	30	5	26
51	12	16	21
30	31	20	20
30	23	15	32
19	18	29	35

#ID = PB0144
#Short = Lef1_2
#Long = Lef1_2
#W = 16
#Class = 4.7
#Organisms = mouse (Mus musculus)
23	27	39	11
44	8	23	25
42	14	32	12
17	34	39	10
81	2	1	16
4	1	1	94
2	90	4	4
94	1	1	4
93	1	4	2
3	2	5	91
11	71	1	17
68	2	28	3
24	35	19	23
9	24	20	46
33	18	11	38
34	16	19	32

#ID = PB0145
#Short = Mafb_2
#Long = Mafb_2
#W = 15
#Class = 1.1
#Organisms = mouse (Mus musculus)
25	33	19	23
41	18	24	17
37	19	21	22
8	11	14	67
5	10	12	73
5	6	83	6
7	76	4	13
86	3	8	3
58	6	17	19
76	7	4	13
88	3	4	5
59	4	4	33
39	12	8	41
