#MotifLabMotif   (inspired by INCLUSive Motif Model v1.0)
#Collection=Jaspar PBM_HOMEO
#
#ID = PH0001
#Short = Alx3
#Long = Alx3
#W = 17
#Class = 3.1
#Organisms = mouse (Mus musculus)
30	3	13	54
37	20	24	19
41	18	16	25
53	15	23	8
4	48	1	47
0	8	0	91
99	1	0	0
99	0	1	0
0	1	0	99
0	0	1	99
91	0	8	0
47	1	48	4
8	44	5	42
7	15	10	68
24	27	34	15
43	19	14	24
26	25	29	20

#ID = PH0002
#Short = Alx4
#Long = Alx4
#W = 17
#Class = 3.1
#Organisms = mouse (Mus musculus)
16	59	15	11
10	24	56	10
19	44	16	21
40	15	29	16
2	34	1	62
1	8	0	92
99	1	1	0
98	0	1	1
1	1	0	98
0	1	1	99
92	0	8	1
62	1	34	2
17	23	18	42
29	28	13	30
36	23	19	22
23	29	25	23
12	43	21	24

#ID = PH0003
#Short = Arx
#Long = Arx
#W = 17
#Class = 3.1 
#Organisms = mouse (Mus musculus)
24	22	40	14
13	16	19	52
16	37	29	19
22	56	13	10
50	6	38	7
1	38	1	60
1	13	0	86
98	0	0	1
99	0	1	1
1	1	0	99
1	0	0	98
86	0	13	1
60	1	38	1
16	16	14	54
18	11	44	27
9	36	37	18
53	10	7	30

#ID = PH0004
#Short = Nkx3-2
#Long = Nkx3-2
#W = 17
#Class = 3.1
#Organisms = mouse (Mus musculus)
30	35	24	11
36	23	7	34
23	14	14	49
56	16	20	8
51	13	11	25
5	68	26	1
0	90	0	10
95	0	0	5
4	96	0	0
0	1	0	99
0	5	0	95
93	1	0	6
64	4	15	18
27	34	28	11
31	25	24	20
55	19	12	14
19	33	17	31

#ID = PH0005
#Short = Barhl1
#Long = Barhl1
#W = 16
#Class = 3.1
#Organisms = mouse (Mus musculus)
47	21	14	18
61	12	14	13
28	42	13	17
75	7	14	5
72	2	22	3
8	61	18	13
1	76	0	23
95	1	3	1
89	1	0	10
0	0	0	99
1	1	0	99
98	0	0	2
55	3	33	9
12	19	33	36
27	18	23	32
22	42	14	22

#ID = PH0006
#Short = Barhl2
#Long = Barhl2
#W = 16
#Class = 3.1
#Organisms = mouse (Mus musculus)
46	22	12	19
57	18	8	16
51	30	5	14
78	4	13	5
91	2	7	1
19	44	17	20
0	94	0	6
95	0	4	1
96	1	0	3
0	0	0	99
0	0	0	99
99	0	0	1
73	2	14	11
10	33	35	22
39	21	15	25
32	27	12	28

#ID = PH0007
#Short = Barx1
#Long = Barx1
#W = 16
#Class = 3.1
#Organisms = mouse (Mus musculus)
50	26	9	14
49	24	12	16
53	6	39	3
18	30	44	8
1	46	0	53
93	5	2	0
98	1	0	0
0	0	1	98
0	2	5	93
53	0	46	1
6	39	40	15
3	39	6	53
25	21	30	25
38	23	16	23
56	8	15	21
31	14	8	46

#ID = PH0008
#Short = Barx2
#Long = Barx2
#W = 16
#Class = 3.1
#Organisms = mouse (Mus musculus)
19	15	15	51
51	17	12	20
63	11	23	2
11	20	39	31
1	27	0	72
96	3	0	1
98	1	0	1
1	0	1	98
1	0	3	96
72	0	27	1
27	23	35	15
2	23	11	63
10	10	38	42
34	10	32	24
18	20	11	52
38	11	33	17

#ID = PH0009
#Short = Bsx
#Long = Bsx
#W = 16
#Class = 3.1
#Organisms = mouse (Mus musculus)
30	36	28	6
42	27	25	7
28	7	50	16
21	13	45	22
1	45	0	54
92	5	2	0
98	1	0	0
0	0	1	98
0	2	5	92
54	0	45	1
20	32	28	20
16	50	7	28
14	19	18	49
21	37	31	11
75	5	13	7
29	12	32	27

#ID = PH0010
#Short = Alx1_1
#Long = Alx1_1
#W = 17
#Class = 3.1
#Organisms = mouse (Mus musculus)
19	44	17	20
7	21	65	7
38	33	14	15
43	9	31	17
5	40	2	53
1	7	0	92
98	0	1	0
98	0	1	1
1	1	0	98
0	1	0	98
92	0	7	1
53	2	40	5
15	21	11	53
23	32	16	29
39	31	12	17
24	29	23	24
15	40	14	31

#ID = PH0011
#Short = Alx1_2
#Long = Alx1_2
#W = 17
#Class = 3.1
#Organisms = mouse (Mus musculus)
17	41	20	22
33	21	35	10
29	46	10	14
32	20	26	21
2	24	1	74
1	4	0	95
98	0	1	0
98	0	1	1
1	1	0	98
0	1	0	98
95	0	4	1
74	1	24	2
16	22	20	43
17	23	19	40
24	20	32	23
26	21	29	25
27	34	21	18

#ID = PH0012
#Short = Cdx1
#Long = Cdx1
#W = 16
#Class = 3.1
#Organisms = mouse (Mus musculus)
29	15	18	38
39	10	31	20
40	25	24	11
14	6	73	7
13	3	83	1
1	28	0	71
49	47	0	4
82	0	17	0
1	0	0	99
74	1	0	25
92	0	0	8
94	1	0	5
64	11	5	19
16	23	17	43
14	11	26	49
36	21	10	33

#ID = PH0013
#Short = Cdx2
#Long = Cdx2
#W = 16
#Class = 3.1
#Organisms = mouse (Mus musculus)
31	15	25	29
36	18	33	14
30	30	30	10
19	6	66	9
17	3	79	0
0	46	0	53
58	40	0	2
97	0	3	0
1	0	0	99
88	0	0	12
95	0	0	5
94	1	0	5
57	15	5	23
17	26	12	44
14	11	26	49
22	30	13	35

#ID = PH0014
#Short = Cphx
#Long = Cphx
#W = 14
#Class = 3.1
#Organisms = mouse (Mus musculus)
34	18	26	22
3	0	0	96
4	2	93	1
98	1	1	1
4	0	6	90
10	37	29	24
22	28	35	15
54	34	8	4
95	3	1	1
1	1	0	99
0	97	0	2
95	1	1	3
61	14	15	10
36	21	10	33

#ID = PH0015
#Short = Crx
#Long = Crx
#W = 16
#Class = 3.1
#Organisms = mouse (Mus musculus)
9	47	13	31
10	22	38	31
33	10	14	44
26	12	17	45
9	11	73	7
9	27	60	5
4	0	95	0
0	0	99	0
96	4	0	0
0	0	0	99
2	0	0	98
98	0	0	2
37	3	40	20
9	68	10	12
10	52	23	14
19	16	25	40

#ID = PH0016
#Short = Cux1_1
#Long = Cux1_1
#W = 17
#Class = 3.1
#Organisms = mouse (Mus musculus)
59	6	27	7
11	54	22	14
16	51	12	21
23	15	52	9
29	19	42	11
13	16	9	62
8	7	1	83
29	1	67	2
96	1	2	1
2	1	1	97
6	61	2	32
80	6	1	14
31	35	11	23
13	48	30	10
35	8	15	41
13	29	31	28
41	10	30	19

#ID = PH0017
#Short = Cux1_2
#Long = Cux1_2
#W = 15
#Class = 3.1
#Organisms = mouse (Mus musculus)
23	8	21	47
51	19	17	13
42	14	32	12
3	18	9	69
14	5	66	14
87	5	3	5
4	1	1	94
34	6	51	10
94	1	1	4
5	3	5	87
14	66	5	14
69	9	18	3
26	41	15	18
15	7	12	66
49	13	19	19

#ID = PH0018
#Short = Dbx1
#Long = Dbx1
#W = 17
#Class = 3.1
#Organisms = mouse (Mus musculus)
19	23	16	42
61	7	5	27
46	6	31	18
23	13	10	55
24	23	7	46
62	14	8	16
74	3	5	18
11	10	7	72
13	11	4	72
73	3	9	15
54	10	5	31
20	15	10	56
59	7	17	17
50	16	22	12
28	11	14	47
30	19	19	33
40	14	29	17

#ID = PH0019
#Short = Dbx2
#Long = Dbx2
#W = 16
#Class = 3.1
#Organisms = mouse (Mus musculus)
14	27	27	33
24	9	32	35
22	24	20	33
44	29	4	22
70	7	8	15
18	12	10	61
6	12	0	82
93	1	2	4
95	1	2	2
3	0	1	96
3	2	29	67
73	1	15	11
44	11	20	24
4	9	28	59
27	16	14	43
28	35	17	20

#ID = PH0020
#Short = Dlx1
#Long = Dlx1
#W = 14
#Class = 3.1
#Organisms = mouse (Mus musculus)
16	29	27	27
13	24	13	50
17	11	61	11
45	24	21	10
35	7	40	18
29	14	37	20
1	12	0	87
99	1	1	0
99	0	0	1
1	0	0	99
0	1	1	98
94	0	5	1
41	19	20	20
8	36	12	45

#ID = PH0021
#Short = Dlx2
#Long = Dlx2
#W = 16
#Class = 3.1
#Organisms = mouse (Mus musculus)
33	29	34	4
27	24	38	11
31	8	31	30
49	9	31	11
1	29	0	69
97	1	1	1
98	0	0	1
1	0	0	98
1	1	1	97
69	0	29	1
8	37	28	27
30	31	8	31
18	32	8	42
25	44	12	19
62	11	15	12
17	19	45	19

#ID = PH0022
#Short = Dlx3
#Long = Dlx3
#W = 17
#Class = 3.1
#Organisms = mouse (Mus musculus)
16	22	30	32
32	43	12	14
27	20	37	15
27	42	25	7
29	12	30	30
61	4	23	13
0	3	0	96
98	0	0	1
99	0	0	0
0	0	0	99
1	0	1	98
75	0	25	1
7	57	12	23
35	49	5	11
18	30	37	15
37	20	13	30
28	38	13	20

#ID = PH0023
#Short = Dlx4
#Long = Dlx4
#W = 17
#Class = 3.1
#Organisms = mouse (Mus musculus)
15	25	30	30
20	55	12	13
30	23	32	15
22	48	17	12
28	13	29	30
54	7	24	15
1	4	0	95
97	0	1	2
99	0	0	0
1	0	0	99
1	1	1	97
76	0	23	1
20	52	14	14
29	49	6	16
17	26	40	16
50	14	11	25
22	53	12	13

#ID = PH0024
#Short = Dlx5
#Long = Dlx5
#W = 16
#Class = 3.1
#Organisms = mouse (Mus musculus)
11	29	37	22
17	29	37	17
28	17	49	5
18	14	59	9
1	38	0	61
97	2	0	1
98	0	1	1
1	1	0	98
1	0	2	97
61	0	38	1
19	25	37	18
5	49	17	28
7	17	37	39
26	34	23	17
15	22	22	41
19	27	35	19

#ID = PH0025
#Short = Dmbx1
#Long = Dmbx1
#W = 17
#Class = 3.1
#Organisms = mouse (Mus musculus)
34	13	12	41
28	8	37	27
49	8	31	12
49	8	13	30
25	36	18	21
28	50	20	3
6	1	93	0
0	1	99	0
94	6	0	0
0	0	0	99
1	1	0	98
97	0	0	3
40	5	35	20
9	11	37	42
15	28	30	27
30	20	19	30
37	12	15	36

#ID = PH0026
#Short = Duxbl
#Long = Duxbl
#W = 17
#Class = 3.1
#Organisms = mouse (Mus musculus)
6	55	10	29
35	5	47	13
77	2	16	5
6	67	11	16
2	66	9	22
0	74	0	25
99	1	0	0
97	2	0	0
0	1	0	99
0	98	0	2
97	0	0	3
83	3	9	5
5	53	18	24
25	25	28	23
31	19	34	16
28	20	15	37
20	29	34	17

#ID = PH0027
#Short = Emx2
#Long = Emx2
#W = 17
#Class = 3.1
#Organisms = mouse (Mus musculus)
48	8	5	38
26	34	33	7
28	37	24	11
38	20	33	10
3	68	6	23
2	4	0	95
88	11	0	0
98	1	0	1
1	0	1	98
0	0	11	88
95	0	4	2
23	6	68	3
2	39	5	54
12	15	48	25
14	25	50	11
27	26	21	26
18	32	23	28

#ID = PH0028
#Short = En1
#Long = En1
#W = 16
#Class = 3.1
#Organisms = mouse (Mus musculus)
23	20	41	16
23	31	29	16
28	28	29	15
73	15	8	4
82	8	7	4
11	54	11	24
0	15	0	84
97	0	2	0
99	0	1	0
1	0	0	99
1	1	1	97
97	0	2	1
48	8	33	11
6	14	37	44
23	18	37	22
20	49	20	11

#ID = PH0029
#Short = En2
#Long = En2
#W = 17
#Class = 3.1
#Organisms = mouse (Mus musculus)
38	4	11	46
20	16	58	6
28	45	13	14
39	31	20	10
11	50	3	36
1	25	0	74
98	1	0	1
98	0	0	1
1	0	0	98
1	0	1	98
74	0	25	1
36	3	50	11
5	27	5	63
13	23	46	19
27	24	39	10
43	23	11	23
31	26	13	31

#ID = PH0030
#Short = Esx1
#Long = Esx1
#W = 17
#Class = 3.1
#Organisms = mouse (Mus musculus)
32	24	17	26
26	18	15	42
17	34	18	31
21	35	23	21
42	7	41	10
3	47	1	49
1	7	0	92
98	0	1	1
98	0	1	0
0	1	0	98
1	1	0	98
92	0	7	1
49	1	47	3
10	16	15	60
22	12	30	36
11	26	45	19
52	7	4	37

#ID = PH0031
#Short = Evx1
#Long = Evx1
#W = 17
#Class = 3.1
#Organisms = mouse (Mus musculus)
47	6	3	45
30	25	33	11
36	22	21	22
47	15	26	13
5	66	18	11
1	3	0	96
85	14	0	0
99	1	0	0
0	0	1	99
0	0	14	85
96	0	3	1
11	18	66	5
3	44	6	48
17	20	46	18
20	25	38	17
36	16	17	30
24	36	24	16

#ID = PH0032
#Short = Evx2
#Long = Evx2
#W = 17
#Class = 3.1
#Organisms = mouse (Mus musculus)
21	30	23	26
40	33	19	8
14	56	9	21
29	52	9	10
15	7	76	2
2	82	12	3
0	2	0	98
95	4	1	0
99	0	0	0
0	0	0	99
0	1	5	94
93	0	7	0
2	16	76	6
4	53	23	19
12	18	40	29
9	15	38	38
34	10	6	50

#ID = PH0033
#Short = Gbx1
#Long = Gbx1
#W = 17
#Class = 3.1
#Organisms = mouse (Mus musculus)
27	22	19	32
30	12	31	27
14	37	29	19
25	37	21	17
59	12	18	11
18	71	5	5
1	28	0	71
97	2	0	0
99	0	1	0
0	1	0	99
0	0	2	97
71	0	28	1
5	5	71	18
14	16	20	51
10	17	52	22
9	27	29	36
47	8	6	39

#ID = PH0034
#Short = Gbx2
#Long = Gbx2
#W = 17
#Class = 3.1
#Organisms = mouse (Mus musculus)
39	5	26	30
24	27	29	20
24	38	20	18
41	9	42	8
4	84	6	5
0	19	0	80
98	1	0	0
99	1	0	1
1	0	1	99
0	0	1	98
80	0	19	0
5	6	84	4
4	44	10	42
16	28	44	12
39	11	30	19
11	23	25	41
15	13	23	49

#ID = PH0035
#Short = Gsc
#Long = Gsc
#W = 17
#Class = 3.1
#Organisms = mouse (Mus musculus)
47	16	13	24
34	22	24	21
40	13	5	43
26	46	10	18
28	11	52	9
7	40	1	52
3	0	0	97
99	0	1	0
99	0	0	0
0	0	1	99
1	97	0	3
0	95	0	4
3	44	40	13
8	36	8	48
22	12	24	42
26	23	12	39
31	31	26	11

#ID = PH0036
#Short = Gsx2
#Long = Gsx2
#W = 16
#Class = 3.1
#Organisms = mouse (Mus musculus)
47	18	23	12
18	32	33	17
25	9	55	11
13	26	24	37
1	10	0	89
95	3	1	1
97	0	0	2
2	0	0	97
1	1	3	95
89	0	10	1
20	13	55	11
11	55	9	25
17	28	23	33
18	30	33	19
75	4	12	9
18	12	32	37

#ID = PH0037
#Short = Hdx
#Long = Hdx
#W = 17
#Class = 3.1
#Organisms = mouse (Mus musculus)
31	20	21	27
34	18	26	22
5	9	52	35
20	12	35	33
30	31	16	24
21	2	72	4
70	23	5	2
83	1	6	10
92	1	3	5
2	2	3	93
3	90	4	3
86	4	1	8
18	22	16	45
23	33	20	24
14	30	31	26
34	35	6	26
40	23	19	18

#ID = PH0038
#Short = Hlx
#Long = Hlx
#W = 15
#Class = 3.1
#Organisms = mouse (Mus musculus)
18	49	16	17
27	44	13	16
45	22	16	17
7	13	5	75
76	8	5	11
71	1	7	20
4	6	2	88
16	12	3	69
63	3	25	9
88	2	6	4
20	7	1	71
11	5	8	76
75	5	13	7
16	41	15	28
42	27	9	22

#ID = PH0039
#Short = Mnx1
#Long = Mnx1
#W = 16
#Class = 3.1
#Organisms = mouse (Mus musculus)
12	24	37	27
14	21	30	35
56	25	17	2
11	39	38	12
1	8	0	91
97	2	0	0
98	0	1	1
1	1	0	98
0	0	2	97
91	0	8	1
8	16	68	8
2	17	25	56
17	9	59	15
23	27	33	17
25	35	11	29
29	30	34	7

#ID = PH0040
#Short = Hmbox1
#Long = Hmbox1
#W = 17
#Class = 3.1
#Organisms = mouse (Mus musculus)
25	23	30	21
37	20	10	34
44	10	34	13
46	15	22	18
47	9	14	30
1	85	2	12
1	1	3	96
70	0	29	0
1	0	99	0
0	0	1	98
11	1	0	88
94	1	2	3
64	6	10	20
13	44	14	29
33	13	26	28
25	11	20	43
7	43	31	19

#ID = PH0041
#Short = Hmx1
#Long = Hmx1
#W = 17
#Class = 3.1
#Organisms = mouse (Mus musculus)
34	29	24	13
17	43	27	13
36	29	26	9
69	6	16	9
13	8	72	7
1	95	0	4
87	0	12	1
88	11	0	1
0	0	0	99
2	6	0	93
95	0	1	3
88	1	4	6
25	15	17	43
14	22	50	13
38	29	28	4
33	13	24	31
18	20	22	40

#ID = PH0042
#Short = Hmx2
#Long = Hmx2
#W = 17
#Class = 3.1
#Organisms = mouse (Mus musculus)
50	20	23	7
19	44	23	14
55	19	17	9
77	6	12	6
17	15	57	11
1	97	0	1
85	0	15	0
85	13	1	1
1	0	0	99
2	6	0	93
93	0	1	5
89	1	2	8
36	19	11	34
25	21	41	14
41	27	27	5
47	10	25	18
9	7	9	74

#ID = PH0043
#Short = Hmx3
#Long = Hmx3
#W = 17
#Class = 3.1
#Organisms = mouse (Mus musculus)
49	21	21	9
12	49	25	13
48	23	19	10
76	7	11	6
15	10	59	15
2	94	0	4
84	0	16	1
87	12	0	1
1	0	0	99
1	4	0	94
92	0	2	5
87	2	3	7
39	15	12	35
26	18	38	18
47	21	26	6
52	11	18	19
13	10	13	64

#ID = PH0044
#Short = Homez
#Long = Homez
#W = 17
#Class = 3.1
#Organisms = mouse (Mus musculus)
59	6	17	18
34	17	14	34
50	11	9	30
46	13	3	38
34	42	17	7
87	3	0	9
1	1	1	97
4	95	0	1
1	1	97	1
21	1	2	76
4	2	3	91
16	3	2	79
14	14	12	61
13	23	18	46
52	19	5	23
37	5	29	28
27	17	31	26

#ID = PH0045
#Short = Hoxa1
#Long = Hoxa1
#W = 16
#Class = 3.1
#Organisms = mouse (Mus musculus)
19	42	19	21
14	15	6	65
27	13	47	14
62	10	15	13
27	8	61	5
8	53	22	17
1	3	0	97
96	3	1	0
99	0	0	0
1	0	0	99
0	0	1	99
96	0	4	0
28	48	17	7
14	45	14	27
11	17	41	31
6	30	18	46

#ID = PH0046
#Short = Hoxa10
#Long = Hoxa10
#W = 16
#Class = 3.1
#Organisms = mouse (Mus musculus)
25	8	29	37
42	29	13	16
12	21	45	22
17	8	70	4
7	32	1	61
71	27	0	1
89	1	8	3
3	1	0	97
70	1	1	28
91	0	1	8
88	2	1	9
69	6	5	20
24	16	7	53
18	8	30	44
28	39	9	24
52	8	10	30

#ID = PH0047
#Short = Hoxa11
#Long = Hoxa11
#W = 16
#Class = 3.1
#Organisms = mouse (Mus musculus)
25	21	14	40
49	12	20	19
54	15	14	17
43	10	27	20
10	5	85	0
0	2	0	98
2	97	0	1
26	0	74	0
0	0	0	99
83	0	0	16
98	0	0	1
98	1	0	1
60	9	9	22
21	40	11	27
29	22	25	24
15	15	31	39

#ID = PH0048
#Short = Hoxa13
#Long = Hoxa13
#W = 16
#Class = 3.1
#Organisms = mouse (Mus musculus)
35	17	16	31
32	19	20	29
37	20	18	25
15	30	30	26
2	93	5	0
0	3	0	97
1	94	0	5
20	0	80	0
0	1	0	99
93	0	0	7
97	0	0	3
98	1	0	1
62	12	5	21
30	13	9	48
18	23	23	36
23	13	22	41

#ID = PH0049
#Short = Hoxa2
#Long = Hoxa2
#W = 16
#Class = 3.1
#Organisms = mouse (Mus musculus)
59	8	24	9
33	32	22	13
19	8	62	11
9	21	52	18
1	6	0	93
90	9	1	0
98	1	0	0
0	0	1	98
0	1	9	90
93	0	6	1
16	30	45	10
11	62	8	19
22	28	8	42
26	44	9	21
73	4	9	14
28	17	27	29

#ID = PH0050
#Short = Hoxa3
#Long = Hoxa3
#W = 14
#Class = 3.1
#Organisms = mouse (Mus musculus)
18	11	21	50
16	29	19	35
19	19	50	12
39	30	15	16
30	10	53	7
7	30	34	28
0	11	0	88
90	10	0	0
99	1	0	0
0	0	0	99
0	0	5	94
97	0	2	1
35	16	46	3
5	35	12	47

#ID = PH0051
#Short = Hoxa4
#Long = Hoxa4
#W = 17
#Class = 3.1
#Organisms = mouse (Mus musculus)
23	17	38	22
39	10	31	20
8	20	7	65
21	23	10	46
56	13	27	5
17	11	5	68
1	8	0	91
94	6	0	0
98	0	1	1
1	1	0	98
0	0	6	94
91	0	8	1
68	5	11	17
9	56	12	23
12	9	35	44
10	27	26	37
12	16	53	18

#ID = PH0052
#Short = Hoxa5
#Long = Hoxa5
#W = 16
#Class = 3.1
#Organisms = mouse (Mus musculus)
66	12	15	7
33	39	15	13
21	11	53	15
8	19	45	28
1	9	0	90
90	9	0	0
98	1	0	0
0	0	1	98
0	0	9	90
90	0	9	1
21	31	41	7
15	53	11	21
29	20	7	44
27	41	10	23
52	7	19	22
27	14	36	23

#ID = PH0053
#Short = Hoxa6
#Long = Hoxa6
#W = 16
#Class = 3.1
#Organisms = mouse (Mus musculus)
58	15	20	7
43	35	9	13
20	10	59	11
19	5	48	28
1	9	0	90
95	4	0	1
98	1	0	1
1	0	1	98
1	0	4	95
90	0	9	1
15	68	9	8
11	59	10	20
23	27	6	43
33	32	12	22
60	8	8	24
22	17	28	34

#ID = PH0054
#Short = Hoxa7_1
#Long = Hoxa7_1
#W = 17
#Class = 3.1
#Organisms = mouse (Mus musculus)
19	45	25	11
22	21	48	9
37	36	13	15
26	20	30	24
15	10	24	50
7	11	0	82
90	4	1	5
94	0	1	4
4	1	0	94
5	1	4	90
82	0	11	7
50	24	10	15
14	19	13	54
34	16	22	27
36	19	21	24
21	24	31	25
19	55	12	14

#ID = PH0055
#Short = Hoxa7_2
#Long = Hoxa7_2
#W = 16
#Class = 3.1
#Organisms = mouse (Mus musculus)
5	23	47	25
13	23	25	39
51	31	13	4
7	11	50	32
6	5	0	88
93	4	1	2
97	1	1	1
1	1	1	97
2	1	4	93
88	0	5	6
47	25	18	10
4	13	31	51
22	18	45	15
15	17	53	15
37	30	10	24
40	33	19	8

#ID = PH0056
#Short = Hoxa9
#Long = Hoxa9
#W = 17
#Class = 3.1
#Organisms = mouse (Mus musculus)
39	12	34	16
21	50	20	8
23	7	56	14
9	16	66	10
9	60	1	30
24	63	2	11
88	0	10	1
2	0	0	97
63	1	0	36
95	0	0	4
93	1	1	5
76	2	3	19
32	16	6	45
17	13	17	53
51	13	15	21
38	9	28	25
38	8	11	43

#ID = PH0057
#Short = Hoxb13
#Long = Hoxb13
#W = 16
#Class = 3.1
#Organisms = mouse (Mus musculus)
38	27	20	15
48	12	27	13
30	33	18	19
5	77	9	9
2	67	1	31
76	12	0	12
92	0	5	3
0	3	0	97
83	0	1	16
93	0	0	7
97	1	0	2
84	7	6	3
37	14	9	40
26	21	12	40
22	35	11	33
22	30	33	15

#ID = PH0058
#Short = Hoxb3
#Long = Hoxb3
#W = 17
#Class = 3.1
#Organisms = mouse (Mus musculus)
38	5	5	52
29	13	52	6
55	20	13	12
26	27	32	15
8	57	20	15
1	11	0	88
74	26	0	0
98	0	0	1
1	0	0	98
0	0	26	74
88	0	11	1
15	20	57	8
5	34	12	49
19	15	30	36
32	23	38	6
31	12	40	18
41	14	20	26

#ID = PH0059
#Short = Hoxb4
#Long = Hoxb4
#W = 17
#Class = 3.1
#Organisms = mouse (Mus musculus)
15	59	17	9
25	22	32	22
31	32	16	21
34	12	41	12
8	17	6	68
2	10	0	89
94	6	0	0
98	0	0	1
1	0	0	98
0	0	6	94
89	0	10	2
68	6	17	8
10	22	17	51
32	18	13	37
52	20	18	10
30	32	9	29
16	40	16	28

#ID = PH0060
#Short = Hoxb5
#Long = Hoxb5
#W = 16
#Class = 3.1
#Organisms = mouse (Mus musculus)
52	23	14	11
27	35	19	19
17	9	65	10
12	15	38	35
1	7	0	92
90	9	0	0
98	1	0	1
1	0	1	98
0	0	9	90
92	0	7	1
19	29	41	11
10	65	9	17
28	25	10	36
28	44	11	17
68	5	14	14
22	16	14	48

#ID = PH0061
#Short = Hoxb6
#Long = Hoxb6
#W = 16
#Class = 3.1
#Organisms = mouse (Mus musculus)
29	14	6	52
55	10	8	28
18	4	18	60
18	10	35	38
17	30	33	20
7	11	67	14
2	20	2	76
83	12	2	3
95	1	1	2
2	1	1	95
3	2	12	83
76	2	20	2
11	74	6	9
20	33	30	17
26	13	29	32
18	25	24	33

#ID = PH0062
#Short = Hoxb7
#Long = Hoxb7
#W = 16
#Class = 3.1
#Organisms = mouse (Mus musculus)
10	29	45	16
16	24	21	40
64	21	9	6
9	22	39	29
3	6	0	91
93	4	0	3
96	1	0	3
3	0	1	96
3	0	4	93
91	0	6	3
40	31	17	12
6	9	21	64
10	9	56	25
21	31	25	23
31	25	15	29
45	13	29	13

#ID = PH0063
#Short = Hoxb8
#Long = Hoxb8
#W = 16
#Class = 3.1
#Organisms = mouse (Mus musculus)
40	23	9	29
17	43	30	10
18	36	20	27
23	17	34	26
11	3	82	4
1	62	0	36
78	16	2	4
97	1	1	1
2	0	0	98
19	1	0	80
96	0	1	3
79	4	2	15
10	24	7	59
60	14	13	13
40	13	32	14
45	10	12	32

#ID = PH0064
#Short = Hoxb9
#Long = Hoxb9
#W = 16
#Class = 3.1
#Organisms = mouse (Mus musculus)
37	19	37	7
36	16	41	7
58	7	31	4
10	13	65	12
2	66	1	31
42	54	1	3
94	0	5	0
1	1	0	98
73	0	0	27
96	0	0	4
97	0	0	2
87	1	3	9
34	20	8	39
20	27	10	43
23	45	15	18
25	18	36	21

#ID = PH0065
#Short = Hoxc10
#Long = Hoxc10
#W = 16
#Class = 3.1
#Organisms = mouse (Mus musculus)
24	24	13	39
39	12	24	25
43	16	18	23
34	14	29	23
8	6	86	0
0	4	0	96
2	98	0	0
30	0	70	0
0	0	0	99
85	0	0	14
99	0	0	1
98	1	0	1
50	13	15	23
22	33	15	30
21	26	29	25
14	15	30	41

#ID = PH0066
#Short = Hoxc11
#Long = Hoxc11
#W = 16
#Class = 3.1
#Organisms = mouse (Mus musculus)
23	25	14	38
53	12	20	16
52	13	13	22
38	14	27	21
8	4	88	0
0	3	0	97
1	98	0	1
23	0	76	0
0	0	0	99
86	0	0	14
98	0	0	2
99	0	0	1
54	13	11	22
22	27	19	32
35	17	26	22
20	12	35	33

#ID = PH0067
#Short = Hoxc12
#Long = Hoxc12
#W = 17
#Class = 3.1
#Organisms = mouse (Mus musculus)
18	26	11	45
29	20	12	39
41	12	38	8
20	19	53	9
15	4	80	0
0	3	0	97
4	94	0	2
13	0	87	0
0	0	0	99
92	1	0	7
97	0	0	2
98	1	0	1
50	14	3	33
34	24	7	35
18	25	19	38
31	14	24	32
19	43	17	22

#ID = PH0068
#Short = Hoxc13
#Long = Hoxc13
#W = 16
#Class = 3.1
#Organisms = mouse (Mus musculus)
33	22	13	33
36	21	16	27
42	15	15	27
11	23	37	29
3	84	13	0
0	3	0	96
2	89	0	9
39	0	60	1
0	2	0	98
90	0	0	10
96	0	0	4
98	0	0	1
65	8	5	22
30	14	9	47
16	23	16	46
33	9	24	34

#ID = PH0069
#Short = Hoxc4
#Long = Hoxc4
#W = 17
#Class = 3.1
#Organisms = mouse (Mus musculus)
14	69	10	7
22	20	43	15
36	35	13	16
44	14	26	16
11	8	6	76
2	6	0	92
95	4	0	0
98	0	0	1
1	0	0	98
0	0	4	95
92	0	6	2
76	6	8	11
11	36	22	30
35	20	18	27
53	24	15	9
26	24	16	33
30	26	20	25

#ID = PH0070
#Short = Hoxc5
#Long = Hoxc5
#W = 17
#Class = 3.1
#Organisms = mouse (Mus musculus)
13	62	17	9
18	21	46	15
46	34	9	11
51	9	32	8
8	24	13	55
2	10	0	88
94	5	0	1
97	0	1	2
2	1	0	97
1	0	5	94
88	0	10	2
55	13	24	8
10	22	10	58
34	17	13	35
68	15	10	8
23	29	19	29
25	22	20	34

#ID = PH0071
#Short = Hoxc6
#Long = Hoxc6
#W = 17
#Class = 3.1
#Organisms = mouse (Mus musculus)
14	45	16	25
46	11	31	12
48	17	13	23
43	22	28	7
10	4	40	46
3	9	1	88
91	2	1	6
96	1	1	2
2	1	1	96
6	1	2	91
88	1	9	3
46	40	4	10
12	22	24	42
38	9	16	36
46	16	23	15
32	27	21	20
32	18	23	27

#ID = PH0072
#Short = Hoxc8
#Long = Hoxc8
#W = 16
#Class = 3.1
#Organisms = mouse (Mus musculus)
21	22	24	32
28	19	9	44
24	10	41	25
32	10	36	23
29	17	37	17
13	7	56	24
1	8	0	91
91	5	0	4
97	1	0	1
1	0	1	97
4	0	5	91
91	0	8	1
35	33	4	28
17	37	17	29
21	10	42	28
9	16	17	59

#ID = PH0073
#Short = Hoxc9
#Long = Hoxc9
#W = 16
#Class = 3.1
#Organisms = mouse (Mus musculus)
28	21	34	18
21	12	38	29
37	22	24	16
20	6	59	15
14	5	80	1
3	20	1	77
29	69	1	1
89	1	10	1
2	1	0	97
29	1	0	70
98	1	1	1
95	2	1	3
24	30	5	41
21	27	9	43
33	9	26	32
18	20	25	37

#ID = PH0074
#Short = Hoxd1
#Long = Hoxd1
#W = 17
#Class = 3.1
#Organisms = mouse (Mus musculus)
39	5	11	46
46	16	28	10
41	23	13	24
40	15	40	5
4	45	21	30
1	14	0	85
92	7	1	0
99	0	0	1
1	0	0	99
0	1	7	92
85	0	14	1
30	21	45	4
4	58	10	28
7	8	19	66
22	22	32	24
23	17	27	32
32	20	18	30

#ID = PH0075
#Short = Hoxd10
#Long = Hoxd10
#W = 17
#Class = 3.1
#Organisms = mouse (Mus musculus)
41	29	22	8
40	10	33	17
5	19	34	42
24	23	32	21
3	55	1	41
71	23	2	4
83	1	2	13
1	3	1	96
81	0	0	18
95	0	0	4
93	1	1	6
85	6	7	3
19	24	5	51
27	8	24	41
34	13	19	35
41	12	19	28
28	24	16	32

#ID = PH0076
#Short = Hoxd11
#Long = Hoxd11
#W = 17
#Class = 3.1
#Organisms = mouse (Mus musculus)
20	30	7	43
38	24	12	26
43	15	23	18
32	19	33	16
8	6	86	0
0	2	0	97
1	98	0	1
17	0	82	0
0	0	0	99
84	0	0	16
98	0	0	1
98	1	0	1
63	16	2	19
28	19	12	41
23	35	15	27
25	30	17	28
18	16	20	47

#ID = PH0077
#Short = Hoxd12
#Long = Hoxd12
#W = 17
#Class = 3.1
#Organisms = mouse (Mus musculus)
19	35	11	35
40	20	15	25
37	19	23	21
26	26	38	10
11	7	83	0
0	2	0	98
2	97	0	1
12	0	88	0
0	0	0	99
92	0	0	7
98	0	0	1
98	0	0	1
58	15	3	25
19	21	10	50
19	37	18	26
27	20	18	35
22	14	25	40

#ID = PH0078
#Short = Hoxd13
#Long = Hoxd13
#W = 16
#Class = 3.1
#Organisms = mouse (Mus musculus)
28	32	19	21
30	18	19	34
33	20	17	29
5	54	8	33
2	65	0	33
68	12	0	20
94	0	3	3
0	1	0	98
90	0	1	9
97	0	0	3
98	0	0	1
90	4	2	4
25	29	7	39
19	30	11	40
25	34	19	22
25	25	18	32

#ID = PH0079
#Short = Hoxd3
#Long = Hoxd3
#W = 16
#Class = 3.1
#Organisms = mouse (Mus musculus)
19	37	5	39
19	8	8	65
14	10	60	16
37	10	33	21
24	9	44	24
14	24	29	33
1	14	0	84
87	12	0	0
98	1	0	1
1	0	1	98
0	0	12	87
84	0	14	1
37	37	14	11
24	44	9	24
12	37	31	21
9	22	21	48

#ID = PH0080
#Short = Hoxd8
#Long = Hoxd8
#W = 17
#Class = 3.1
#Organisms = mouse (Mus musculus)
13	12	20	55
60	12	11	16
60	8	20	11
33	5	29	33
7	23	1	69
72	12	3	12
92	2	2	4
4	1	1	94
5	1	0	94
95	0	1	3
79	5	2	13
7	9	5	79
35	4	47	14
24	7	56	13
19	50	8	24
19	9	14	59
36	21	18	25

#ID = PH0081
#Short = Pdx1
#Long = Pdx1
#W = 16
#Class = 3.1
#Organisms = mouse (Mus musculus)
38	29	20	13
35	25	21	20
38	7	46	9
8	27	47	17
1	9	0	90
89	10	1	0
98	1	0	1
1	0	1	98
0	1	10	89
90	0	9	1
12	21	57	11
9	46	7	38
34	20	7	38
17	50	19	13
69	3	14	14
22	18	23	36

#ID = PH0082
#Short = Irx2
#Long = Irx2
#W = 17
#Class = 3.1
#Organisms = mouse (Mus musculus)
39	8	10	42
47	13	13	28
32	13	26	30
41	14	25	20
22	1	3	74
95	1	1	3
0	97	1	1
96	0	1	3
3	1	0	96
1	1	97	0
3	1	1	95
74	3	1	22
40	17	21	21
30	19	29	22
40	11	12	37
18	20	27	36
34	11	8	47

#ID = PH0083
#Short = Irx3_1
#Long = Irx3_1
#W = 17
#Class = 3.1
#Organisms = mouse (Mus musculus)
37	9	21	34
33	16	28	22
29	19	23	29
30	22	26	22
22	1	5	72
94	1	1	4
0	98	1	1
92	0	2	6
6	2	0	92
1	1	98	0
4	1	1	94
72	5	1	22
45	23	17	16
31	7	18	44
52	7	11	30
19	39	13	30
28	13	19	41

#ID = PH0084
#Short = Irx3_2
#Long = Irx3_2
#W = 17
#Class = 3.1
#Organisms = mouse (Mus musculus)
40	11	16	33
38	13	24	25
27	15	26	32
28	24	24	25
22	1	3	74
95	1	1	2
1	97	0	2
95	0	1	4
4	1	0	95
2	0	97	1
2	1	1	95
74	3	1	22
45	20	20	15
27	9	16	49
41	11	15	32
18	27	16	39
36	13	16	36

#ID = PH0085
#Short = Irx4
#Long = Irx4
#W = 17
#Class = 3.1
#Organisms = mouse (Mus musculus)
45	8	14	33
35	18	23	24
30	20	19	31
27	23	26	24
33	1	4	63
91	1	2	6
1	94	1	5
90	0	2	8
8	2	0	90
5	1	94	1
6	2	1	91
63	4	1	33
56	19	10	14
46	8	16	30
51	11	13	25
20	32	24	24
39	14	15	33

#ID = PH0086
#Short = Irx5
#Long = Irx5
#W = 17
#Class = 3.1
#Organisms = mouse (Mus musculus)
37	11	15	37
44	10	19	27
31	17	20	32
33	22	21	24
33	1	7	60
93	2	1	4
0	96	1	3
94	0	1	5
5	1	0	94
3	1	96	0
4	1	2	93
60	7	1	33
35	24	20	22
38	11	21	30
54	7	12	27
21	21	25	33
30	11	13	45

#ID = PH0087
#Short = Irx6
#Long = Irx6
#W = 17
#Class = 3.1
#Organisms = mouse (Mus musculus)
36	18	12	34
54	13	12	21
40	16	12	32
31	16	28	24
20	1	3	76
95	1	1	3
1	96	1	3
95	0	2	3
3	2	0	95
3	1	96	1
3	1	1	95
76	3	1	20
37	27	18	18
40	10	21	28
48	11	11	30
32	22	21	25
13	6	7	74

#ID = PH0088
#Short = Isl2
#Long = Isl2
#W = 16
#Class = 3.1
#Organisms = mouse (Mus musculus)
38	46	7	9
37	25	9	28
40	35	12	13
58	15	13	14
74	12	5	9
6	30	9	55
2	51	1	47
60	36	2	2
71	28	1	1
1	1	0	97
1	1	0	97
93	0	1	6
66	4	21	9
15	11	31	44
32	10	14	44
20	28	8	43

#ID = PH0089
#Short = Isx
#Long = Isx
#W = 16
#Class = 3.1
#Organisms = mouse (Mus musculus)
34	26	12	28
27	31	22	20
20	28	20	33
30	31	27	12
4	86	1	8
0	39	0	60
99	1	0	1
99	0	0	1
1	0	0	99
1	0	1	99
60	0	39	0
8	1	86	4
12	21	33	34
14	30	28	28
16	22	47	14
32	10	17	41

#ID = PH0090
#Short = Lbx2
#Long = Lbx2
#W = 17
#Class = 3.1
#Organisms = mouse (Mus musculus)
24	6	6	65
22	24	44	9
31	34	14	21
39	22	19	21
3	40	1	55
1	28	0	71
95	1	1	2
97	1	2	0
0	2	1	97
2	1	1	95
71	0	28	1
55	1	40	3
13	30	13	44
15	24	33	28
14	39	38	9
35	10	36	19
40	19	26	14

#ID = PH0091
#Short = Lhx1
#Long = Lhx1
#W = 17
#Class = 3.1
#Organisms = mouse (Mus musculus)
32	37	22	9
23	18	49	10
38	17	19	25
58	9	16	16
3	17	2	78
1	8	0	91
98	1	1	0
98	0	0	2
2	0	0	98
0	1	1	98
91	0	8	1
78	2	17	3
37	15	8	40
50	12	9	29
64	11	6	19
28	29	14	30
15	18	35	32

#ID = PH0092
#Short = Lhx2
#Long = Lhx2
#W = 17
#Class = 3.1
#Organisms = mouse (Mus musculus)
31	7	12	50
44	24	21	11
45	24	12	19
66	13	14	6
5	67	1	27
1	18	0	81
93	6	0	0
96	0	4	0
0	4	0	96
0	0	6	93
81	0	18	1
27	1	67	5
11	35	15	39
14	11	39	36
38	28	17	17
27	26	22	25
23	28	26	23

#ID = PH0093
#Short = Lhx3
#Long = Lhx3
#W = 17
#Class = 3.1
#Organisms = mouse (Mus musculus)
23	29	37	11
26	23	25	26
56	23	4	18
63	9	20	8
2	10	1	87
2	3	0	95
97	0	2	0
98	0	0	1
1	0	0	98
0	2	0	97
95	0	3	2
87	1	10	2
43	9	13	36
34	3	8	54
41	28	8	23
34	32	11	24
11	23	31	34

#ID = PH0094
#Short = Lhx4
#Long = Lhx4
#W = 17
#Class = 3.1
#Organisms = mouse (Mus musculus)
24	10	29	37
53	24	5	18
41	17	18	24
39	22	23	16
8	71	13	8
1	20	0	79
92	1	7	0
99	0	1	0
0	1	0	99
0	7	1	92
79	0	20	1
8	13	71	8
9	42	27	22
9	11	25	56
31	9	14	46
6	8	19	67
18	12	55	15

#ID = PH0095
#Short = Lhx5
#Long = Lhx5
#W = 17
#Class = 3.1
#Organisms = mouse (Mus musculus)
19	35	30	16
25	20	31	23
47	20	14	20
62	6	20	12
3	10	2	85
1	7	0	92
98	1	1	0
98	0	0	1
1	0	0	98
0	1	1	98
92	0	7	1
85	2	10	3
53	14	7	26
30	12	6	53
40	24	16	21
31	32	15	23
9	29	21	42

#ID = PH0096
#Short = Lhx6_1
#Long = Lhx6_1
#W = 17
#Class = 3.1
#Organisms = mouse (Mus musculus)
16	31	38	15
40	12	15	33
28	19	34	18
24	56	9	12
31	11	53	6
6	46	2	47
1	12	0	88
83	1	16	0
98	0	1	0
0	1	0	98
0	16	1	83
88	0	12	1
47	2	46	6
11	13	27	50
22	11	41	26
6	28	22	44
52	10	6	31

#ID = PH0097
#Short = Lhx6_2
#Long = Lhx6_2
#W = 17
#Class = 3.1
#Organisms = mouse (Mus musculus)
31	7	6	56
31	50	10	8
24	32	21	24
33	24	32	11
4	72	3	21
1	15	0	84
81	1	18	0
99	0	1	0
0	1	0	99
0	18	1	81
84	0	15	1
21	3	72	4
7	67	10	15
16	12	52	20
22	18	39	21
29	12	22	37
15	22	30	33

#ID = PH0098
#Short = Lhx8
#Long = Lhx8
#W = 17
#Class = 3.1
#Organisms = mouse (Mus musculus)
38	20	14	28
27	44	16	13
33	36	17	14
29	39	25	7
6	85	5	4
1	17	0	82
86	1	13	0
98	0	1	0
0	1	0	98
0	13	1	86
82	0	17	1
4	5	85	6
2	73	9	16
14	12	49	25
15	12	50	23
8	19	20	54
18	14	51	17

#ID = PH0099
#Short = Lhx9
#Long = Lhx9
#W = 17
#Class = 3.1
#Organisms = mouse (Mus musculus)
14	55	14	17
5	38	35	22
20	48	6	25
66	7	14	12
10	27	4	59
2	15	0	83
96	3	2	0
97	0	2	1
1	2	0	97
0	2	3	96
83	0	15	2
59	4	27	10
18	10	11	61
21	36	16	27
51	26	15	8
16	44	21	19
9	37	18	36

#ID = PH0100
#Short = Lmx1a
#Long = Lmx1a
#W = 17
#Class = 3.1
#Organisms = mouse (Mus musculus)
16	51	25	8
17	21	48	14
43	18	16	23
42	13	13	32
6	13	4	77
3	4	0	93
94	1	1	5
96	0	0	3
3	0	0	96
5	1	1	94
93	0	4	3
77	4	13	6
50	6	9	35
52	12	5	30
48	18	7	27
22	37	15	26
17	34	17	32

#ID = PH0101
#Short = Lmx1b
#Long = Lmx1b
#W = 17
#Class = 3.1
#Organisms = mouse (Mus musculus)
34	22	31	14
25	13	39	23
32	9	15	44
37	5	9	49
36	9	6	49
2	16	2	80
2	2	0	96
97	1	0	2
98	0	1	2
2	1	0	98
2	0	1	97
96	0	2	2
80	2	16	2
24	12	12	53
28	10	19	43
25	26	14	36
14	25	35	26

#ID = PH0102
#Short = Meis1
#Long = Meis1
#W = 16
#Class = 3.1
#Organisms = mouse (Mus musculus)
43	11	13	32
51	6	21	22
23	28	28	22
9	29	36	26
95	1	3	2
3	44	51	3
2	96	1	0
0	2	0	98
1	0	99	0
3	0	0	97
0	99	0	0
99	0	0	0
70	2	1	27
36	9	9	46
45	20	18	16
20	39	17	23

#ID = PH0103
#Short = Meox1
#Long = Meox1
#W = 16
#Class = 3.1
#Organisms = mouse (Mus musculus)
30	20	43	7
39	29	27	6
18	12	44	25
18	9	53	20
1	17	0	82
91	6	3	0
98	1	0	1
1	0	1	98
0	3	6	91
82	0	17	1
10	43	28	19
25	44	12	18
16	29	8	47
16	40	20	24
75	8	8	9
18	9	57	16

#ID = PH0104
#Short = Meis2
#Long = Meis2
#W = 16
#Class = 3.1
#Organisms = mouse (Mus musculus)
38	15	10	37
51	9	18	23
28	23	28	21
7	34	36	23
92	1	4	3
2	55	42	2
2	96	1	1
0	2	0	98
1	0	98	0
4	0	0	96
0	99	0	1
99	0	1	1
72	4	2	22
33	8	10	48
47	20	15	18
21	33	21	25

#ID = PH0105
#Short = Meis3
#Long = Meis3
#W = 16
#Class = 3.1
#Organisms = mouse (Mus musculus)
45	13	14	28
59	6	18	17
26	21	25	27
11	28	30	31
77	2	15	6
3	51	42	4
5	87	2	6
0	3	0	97
1	0	99	0
3	1	0	96
0	99	0	0
98	0	1	1
64	6	3	26
32	13	12	43
43	27	16	14
25	43	15	18

#ID = PH0106
#Short = Msx1
#Long = Msx1
#W = 16
#Class = 3.1
#Organisms = mouse (Mus musculus)
18	24	27	32
25	19	39	17
29	43	11	17
36	20	11	33
66	6	16	12
14	43	13	31
1	24	0	75
98	2	0	0
99	0	0	0
1	0	0	99
1	0	0	99
82	0	17	1
44	17	21	18
10	11	18	62
26	23	18	33
31	36	13	20

#ID = PH0107
#Short = Msx2
#Long = Msx2
#W = 17
#Class = 3.1
#Organisms = mouse (Mus musculus)
28	26	31	16
38	28	18	16
44	12	24	20
14	23	54	9
70	8	13	9
2	80	11	7
1	56	0	43
99	0	0	1
99	1	0	0
1	0	0	99
1	1	0	98
96	0	4	1
15	5	56	24
11	42	8	39
16	10	47	27
25	36	11	28
9	21	11	58

#ID = PH0108
#Short = Msx3
#Long = Msx3
#W = 16
#Class = 3.1
#Organisms = mouse (Mus musculus)
32	35	23	10
60	13	16	10
40	29	10	21
75	5	13	6
77	9	9	5
4	67	19	10
0	52	0	47
99	0	1	0
99	1	0	0
1	0	0	99
1	1	0	98
99	0	1	1
70	3	15	12
18	18	30	33
22	22	18	37
31	21	10	38

#ID = PH0109
#Short = Nkx1-1
#Long = Nkx1-1
#W = 17
#Class = 3.1
#Organisms = mouse (Mus musculus)
35	7	12	46
17	25	55	4
26	48	13	13
35	20	40	4
5	63	13	19
1	42	0	58
88	11	0	0
95	0	0	4
4	0	0	95
0	0	11	88
58	0	42	1
19	13	63	5
1	46	6	47
11	10	68	11
10	31	49	9
16	16	49	19
36	20	26	18

#ID = PH0110
#Short = Nkx1-2
#Long = Nkx1-2
#W = 17
#Class = 3.1
#Organisms = mouse (Mus musculus)
26	16	30	29
19	16	23	43
12	25	35	28
20	50	18	13
48	7	40	6
11	47	7	35
2	30	0	68
93	6	0	0
96	0	0	4
4	0	0	96
0	0	6	93
68	0	30	2
35	7	47	11
11	15	18	56
28	15	34	23
10	57	20	14
56	5	2	36

#ID = PH0111
#Short = Nkx2-2
#Long = Nkx2-2
#W = 17
#Class = 3.1
#Organisms = mouse (Mus musculus)
30	26	14	30
27	14	15	44
48	21	23	7
43	7	33	16
12	70	17	0
0	88	0	12
92	1	0	7
2	97	0	0
1	0	0	99
0	20	0	80
13	10	75	1
93	0	1	6
50	11	36	3
67	7	11	15
36	10	23	32
13	19	20	48
29	16	23	32

#ID = PH0112
#Short = Nkx2-3
#Long = Nkx2-3
#W = 16
#Class = 3.1
#Organisms = mouse (Mus musculus)
11	43	7	38
10	37	14	40
8	14	9	68
16	15	10	59
80	0	17	3
88	1	9	2
1	2	96	1
0	25	0	75
75	0	25	0
1	96	2	1
2	9	1	88
3	17	0	80
53	17	20	9
58	8	23	11
21	21	19	39
23	17	40	20

#ID = PH0113
#Short = Nkx2-4
#Long = Nkx2-4
#W = 16
#Class = 3.1
#Organisms = mouse (Mus musculus)
28	21	16	36
50	12	19	19
63	5	13	19
25	17	40	17
9	76	13	2
1	82	0	17
85	1	0	13
2	97	0	0
0	0	0	99
1	22	0	77
28	18	53	2
89	0	3	9
43	38	15	4
51	16	4	28
23	19	5	54
14	25	5	56

#ID = PH0114
#Short = Nkx2-5
#Long = Nkx2-5
#W = 16
#Class = 3.1
#Organisms = mouse (Mus musculus)
28	28	14	30
40	11	33	16
64	3	22	11
18	14	37	30
2	86	12	0
0	96	0	4
95	1	0	4
2	97	0	0
0	0	0	99
1	7	0	92
39	9	49	2
87	1	5	7
63	16	17	4
36	13	9	42
13	21	3	64
9	27	9	55

#ID = PH0115
#Short = Nkx2-6
#Long = Nkx2-6
#W = 16
#Class = 3.1
#Organisms = mouse (Mus musculus)
22	20	22	36
40	16	27	18
79	2	13	6
21	15	35	29
2	85	13	0
0	94	0	6
97	0	0	3
2	98	0	0
0	0	0	99
0	6	0	94
67	1	31	1
76	1	3	20
34	36	28	3
44	20	11	25
13	21	4	62
9	23	3	65

#ID = PH0116
#Short = Nkx2-9
#Long = Nkx2-9
#W = 17
#Class = 3.1
#Organisms = mouse (Mus musculus)
25	8	16	51
15	20	12	53
23	15	7	54
32	10	24	34
67	0	31	2
87	1	9	3
1	3	96	1
0	22	0	77
77	0	22	0
1	96	3	1
3	9	1	87
2	31	0	67
41	17	25	16
79	2	5	13
59	12	10	18
24	12	21	43
15	36	13	37

#ID = PH0117
#Short = Nkx3-1
#Long = Nkx3-1
#W = 17
#Class = 3.1
#Organisms = mouse (Mus musculus)
23	13	21	43
36	12	16	36
23	35	16	26
29	8	23	41
76	0	22	2
85	1	12	2
1	4	94	1
0	14	1	85
85	1	14	0
1	94	4	1
2	12	1	85
2	22	0	76
69	10	5	16
63	5	22	9
57	14	14	15
30	8	17	44
20	25	30	24

#ID = PH0118
#Short = Nkx6-1_1
#Long = Nkx6-1_1
#W = 17
#Class = 3.1
#Organisms = mouse (Mus musculus)
23	14	47	16
34	31	21	15
35	16	15	34
56	8	11	25
77	2	2	19
18	1	2	78
0	4	0	95
99	0	0	1
98	0	0	1
2	0	0	98
1	1	17	81
88	0	9	3
32	45	10	13
12	30	11	47
14	26	21	39
14	31	25	30
6	24	51	19

#ID = PH0119
#Short = Nkx6-1_2
#Long = Nkx6-1_2
#W = 16
#Class = 3.1
#Organisms = mouse (Mus musculus)
37	23	25	14
26	24	39	11
9	21	6	64
56	8	7	29
84	2	2	11
18	1	4	77
0	7	0	93
98	0	1	1
98	0	0	1
2	0	0	98
1	2	26	71
79	0	17	4
9	43	22	26
15	24	28	34
8	34	6	51
12	57	13	18

#ID = PH0120
#Short = Nkx6-3
#Long = Nkx6-3
#W = 17
#Class = 3.1
#Organisms = mouse (Mus musculus)
21	17	43	19
38	23	22	16
31	21	17	31
46	10	10	34
68	3	2	28
18	2	3	78
1	7	0	92
99	0	1	1
98	0	1	1
2	0	0	97
1	2	25	72
84	0	12	3
30	35	23	12
9	19	16	56
14	22	31	33
19	26	23	31
8	22	45	25

#ID = PH0121
#Short = Obox1
#Long = Obox1
#W = 17
#Class = 3.1
#Organisms = mouse (Mus musculus)
24	13	24	39
22	11	21	47
65	11	16	8
45	11	37	7
25	2	69	5
9	1	88	2
5	0	95	0
0	0	96	4
97	3	0	0
0	1	0	99
1	1	0	98
95	0	0	5
71	2	5	22
23	62	7	7
26	15	16	44
45	20	9	26
18	33	18	30

#ID = PH0122
#Short = Obox2
#Long = Obox2
#W = 17
#Class = 3.1
#Organisms = mouse (Mus musculus)
29	13	14	44
12	14	41	32
45	15	31	9
15	6	65	14
19	4	73	5
7	2	86	4
6	1	92	1
2	0	95	3
97	2	0	1
1	0	1	98
2	1	0	97
93	0	1	5
69	2	8	21
29	52	6	12
26	6	15	52
51	23	9	16
22	24	8	46

#ID = PH0123
#Short = Obox3
#Long = Obox3
#W = 17
#Class = 3.1
#Organisms = mouse (Mus musculus)
27	17	15	41
13	27	35	25
34	21	33	11
15	16	58	10
26	3	63	8
11	4	77	8
8	0	91	1
1	0	97	2
98	1	0	1
0	0	1	99
1	1	0	98
95	0	1	3
72	2	13	14
14	67	9	10
28	6	16	50
43	29	11	17
26	27	7	40

#ID = PH0124
#Short = Obox5_1
#Long = Obox5_1
#W = 17
#Class = 3.1
#Organisms = mouse (Mus musculus)
28	19	14	39
34	4	33	29
27	23	33	17
39	14	38	8
11	6	81	1
9	0	91	0
1	0	98	1
99	0	0	1
0	0	0	99
1	0	0	99
97	0	0	2
80	0	2	17
38	18	8	36
7	8	3	81
18	31	18	33
27	19	12	41
29	38	14	19

#ID = PH0125
#Short = Obox5_2
#Long = Obox5_2
#W = 17
#Class = 3.1
#Organisms = mouse (Mus musculus)
17	22	34	28
50	9	14	27
17	25	18	40
78	3	10	8
44	7	19	31
20	2	1	77
2	0	0	97
99	0	0	1
99	0	0	0
1	0	1	98
1	98	0	0
0	87	1	12
4	66	9	20
8	22	11	59
17	35	21	27
20	33	3	43
19	23	20	39

#ID = PH0126
#Short = Obox6
#Long = Obox6
#W = 15
#Class = 3.1
#Organisms = mouse (Mus musculus)
51	24	11	14
30	21	20	29
69	4	14	13
68	9	4	19
35	12	35	19
14	61	19	6
4	0	96	0
0	0	98	1
97	3	0	0
0	0	0	99
1	1	0	98
97	0	0	3
44	2	8	46
25	34	5	35
12	23	46	19

#ID = PH0127
#Short = Nobox
#Long = Nobox
#W = 17
#Class = 3.1
#Organisms = mouse (Mus musculus)
17	50	20	13
13	18	54	16
23	28	25	23
31	23	36	10
2	58	3	38
2	33	0	65
92	1	7	1
96	0	1	3
3	1	0	96
1	7	1	92
65	0	33	2
38	3	58	2
14	16	39	30
30	19	16	35
44	16	16	24
23	29	17	31
15	41	25	19

#ID = PH0128
#Short = Otp
#Long = Otp
#W = 17
#Class = 3.1
#Organisms = mouse (Mus musculus)
23	38	21	18
31	20	34	16
15	36	12	38
41	18	18	23
47	10	39	4
1	12	0	88
1	4	0	96
98	1	1	0
98	0	1	0
0	1	0	98
0	1	1	98
96	0	4	1
88	0	12	1
6	42	9	43
23	10	28	38
22	18	35	25
12	12	60	15

#ID = PH0129
#Short = Otx1
#Long = Otx1
#W = 17
#Class = 3.1
#Organisms = mouse (Mus musculus)
30	15	30	25
19	10	49	22
37	11	16	36
43	5	47	5
18	20	61	2
8	0	92	0
1	0	99	1
95	4	0	0
0	0	0	99
1	0	0	98
94	0	0	6
69	3	14	14
12	13	10	66
29	13	9	49
24	24	20	32
32	22	16	30
19	26	24	31

#ID = PH0130
#Short = Otx2
#Long = Otx2
#W = 17
#Class = 3.1
#Organisms = mouse (Mus musculus)
23	21	27	29
29	7	38	26
29	15	22	34
48	15	31	5
20	11	67	1
8	1	91	0
1	0	97	1
95	5	0	1
1	0	0	99
1	0	0	98
92	0	0	7
75	2	12	11
11	15	12	62
20	34	8	38
30	13	32	26
19	17	21	43
21	45	14	21

#ID = PH0131
#Short = Pax4
#Long = Pax4
#W = 17
#Class = 3.1
#Organisms = mouse (Mus musculus)
42	8	7	43
23	31	33	13
40	18	24	17
37	14	19	30
2	60	2	37
3	1	4	92
98	0	1	1
99	0	1	0
0	1	0	99
1	1	0	98
92	4	1	3
37	2	60	2
11	52	8	29
14	37	23	26
18	44	32	6
34	10	31	25
28	35	18	19

#ID = PH0132
#Short = Pax6
#Long = Pax6
#W = 16
#Class = 3.1
#Organisms = mouse (Mus musculus)
6	15	11	68
26	13	43	18
62	21	10	7
8	40	4	47
12	7	1	80
94	2	2	1
96	1	0	2
2	0	1	96
1	2	2	94
80	1	7	12
52	5	28	16
7	10	21	62
7	8	28	56
26	28	31	16
39	19	20	22
23	41	17	19

#ID = PH0133
#Short = Pax7
#Long = Pax7
#W = 17
#Class = 3.1
#Organisms = mouse (Mus musculus)
32	36	14	18
20	23	40	17
41	21	8	29
29	29	21	21
11	44	2	43
6	20	1	72
91	1	8	0
95	0	2	3
3	2	0	95
0	8	1	91
72	1	20	6
43	2	44	11
12	20	29	39
40	21	13	25
31	33	21	15
26	15	27	33
37	19	23	21

#ID = PH0134
#Short = Pbx1
#Long = Pbx1
#W = 17
#Class = 3.1
#Organisms = mouse (Mus musculus)
21	28	15	36
6	49	15	29
59	3	14	23
12	40	9	39
37	39	11	13
11	73	9	7
86	2	7	5
3	1	1	95
3	95	1	1
93	3	2	2
74	6	3	17
31	5	6	58
32	32	15	21
39	14	9	38
36	14	15	36
26	29	24	21
37	35	21	7

#ID = PH0135
#Short = Phox2a
#Long = Phox2a
#W = 16
#Class = 3.1
#Organisms = mouse (Mus musculus)
17	32	23	28
30	22	28	21
21	24	30	25
30	38	8	23
68	12	15	5
3	35	2	60
0	11	0	88
97	1	1	1
99	0	1	0
1	0	0	99
0	0	2	97
88	1	10	1
29	4	60	8
5	25	21	49
33	18	33	16
26	28	39	8

#ID = PH0136
#Short = Phox2b
#Long = Phox2b
#W = 17
#Class = 3.1
#Organisms = mouse (Mus musculus)
27	38	28	7
31	20	36	13
17	22	31	30
60	15	9	15
58	20	20	2
5	15	1	78
2	4	0	94
97	1	2	0
98	0	1	1
1	1	0	98
0	2	1	97
94	0	4	2
78	1	15	5
6	32	23	39
38	9	29	24
21	28	30	22
16	17	50	16

#ID = PH0137
#Short = Pitx1
#Long = Pitx1
#W = 17
#Class = 3.1
#Organisms = mouse (Mus musculus)
21	25	17	38
12	17	35	36
44	19	29	8
28	15	42	15
45	5	39	11
19	4	73	3
4	0	95	0
1	0	99	1
96	4	0	0
0	0	0	99
1	1	0	99
91	0	0	8
72	2	20	6
33	49	6	12
46	7	24	23
48	21	14	17
26	25	20	29

#ID = PH0138
#Short = Pitx2
#Long = Pitx2
#W = 17
#Class = 3.1
#Organisms = mouse (Mus musculus)
24	23	26	27
24	8	41	27
39	13	22	26
46	17	27	10
29	10	56	5
11	0	89	0
1	0	98	1
95	5	0	0
0	1	0	99
1	1	0	98
90	0	0	10
70	4	19	7
9	16	9	65
26	32	11	31
38	13	25	24
28	17	21	34
19	43	10	28

#ID = PH0139
#Short = Pitx3
#Long = Pitx3
#W = 16
#Class = 3.1
#Organisms = mouse (Mus musculus)
38	23	32	7
19	13	54	13
7	23	65	6
17	3	76	4
2	0	98	0
0	0	99	0
96	4	0	0
0	1	0	99
1	1	0	99
98	0	0	2
18	4	54	24
5	77	12	6
16	16	22	46
34	14	36	16
15	34	33	17
13	55	20	13

#ID = PH0140
#Short = Pknox1
#Long = Pknox1
#W = 16
#Class = 3.1
#Organisms = mouse (Mus musculus)
44	9	17	31
43	6	36	14
32	28	21	18
5	29	52	14
92	1	4	2
4	58	34	4
2	97	1	0
0	3	0	97
1	0	99	0
2	1	0	97
0	99	0	1
99	0	0	0
68	8	4	21
33	11	7	49
29	42	19	11
20	47	17	15

#ID = PH0141
#Short = Pknox2
#Long = Pknox2
#W = 16
#Class = 3.1
#Organisms = mouse (Mus musculus)
43	20	16	21
60	10	17	13
26	20	42	12
3	44	35	18
61	3	35	1
3	55	41	1
2	97	0	1
0	4	0	96
0	0	99	0
1	1	0	98
0	99	0	1
98	0	2	0
59	20	5	16
21	16	5	58
30	26	18	26
16	27	22	36

#ID = PH0142
#Short = Pou1f1
#Long = Pou1f1
#W = 17
#Class = 3.1
#Organisms = mouse (Mus musculus)
30	14	33	24
39	24	26	12
27	19	20	34
9	5	21	65
80	10	2	8
89	4	2	5
6	1	1	92
3	2	2	93
93	2	2	3
92	1	1	6
5	2	4	89
8	2	10	80
79	9	2	10
43	11	21	25
24	19	33	24
22	14	20	44
15	48	18	18

#ID = PH0143
#Short = Pou2f1
#Long = Pou2f1
#W = 16
#Class = 3.1
#Organisms = mouse (Mus musculus)
31	14	28	27
17	21	13	50
31	12	31	26
30	24	9	37
45	10	31	14
32	24	2	42
4	1	0	95
89	9	1	1
98	0	0	2
1	0	0	98
2	2	10	86
93	1	0	6
49	5	32	15
11	17	44	29
21	18	7	54
51	5	12	32

#ID = PH0144
#Short = Pou2f2
#Long = Pou2f2
#W = 16
#Class = 3.1
#Organisms = mouse (Mus musculus)
14	27	21	38
27	20	17	35
23	15	35	27
13	10	3	75
99	0	0	1
0	2	0	97
1	0	92	7
0	89	1	10
74	0	0	25
89	0	1	9
98	0	0	1
3	1	2	94
20	12	27	41
50	20	11	20
35	13	37	15
41	24	22	14

#ID = PH0145
#Short = Pou2f3
#Long = Pou2f3
#W = 16
#Class = 3.1
#Organisms = mouse (Mus musculus)
16	20	20	44
24	22	15	39
19	13	40	28
9	12	4	75
99	0	0	1
0	1	0	98
0	0	94	6
0	91	0	8
74	0	0	26
91	0	1	8
99	0	0	1
2	0	2	96
15	16	29	40
46	24	11	19
29	16	35	19
41	24	18	16

#ID = PH0146
#Short = Pou3f1
#Long = Pou3f1
#W = 17
#Class = 3.1
#Organisms = mouse (Mus musculus)
38	13	29	19
35	26	25	15
20	27	21	31
10	5	17	68
82	13	2	4
91	3	2	3
5	1	1	93
3	1	2	94
94	2	1	3
93	1	1	5
3	2	3	91
4	2	13	82
81	11	1	8
66	10	16	8
12	20	33	35
20	12	14	54
27	28	22	23

#ID = PH0147
#Short = Pou3f2
#Long = Pou3f2
#W = 17
#Class = 3.1
#Organisms = mouse (Mus musculus)
15	26	45	14
29	19	23	29
23	11	22	44
69	7	11	13
62	14	10	14
7	24	0	68
