#INCLUSive Background Model v1.0
#
#Order = 3
#Organism = yeast
#Sequences = /users/sista/thijs/scratch/Yeast/yeast_up800.tfa
#Path = 
#

#snf
0.3216	0.1826	0.1768	0.3190	

#oligo frequency 
0.0613
0.0019
0.0150
0.1031
0.0031
0.0013
0.0013
0.0013
0.0125
0.0013
0.0031
0.0075
0.1568
0.0056
0.0056
0.0862
0.0044
0.0013
0.0000
0.0031
0.0000
0.0019
0.0031
0.0031
0.0025
0.0013
0.0044
0.0019
0.0044
0.0006
0.0013
0.0044
0.0094
0.0019
0.0025
0.0125
0.0013
0.0019
0.0013
0.0013
0.0044
0.0019
0.0050
0.0038
0.0069
0.0031
0.0006
0.0044
0.1062
0.0019
0.0069
0.1356
0.0044
0.0031
0.0038
0.0050
0.0069
0.0013
0.0025
0.0019
0.0837
0.0069
0.0050
0.0575

#transition matrix
0.4495	0.1380	0.1816	0.2309	
0.3726	0.1714	0.1753	0.2807	
0.3681	0.1840	0.2041	0.2438	
0.3678	0.1520	0.1756	0.3047	
0.3610	0.1741	0.1858	0.2791	
0.3419	0.2009	0.1662	0.2910	
0.3012	0.2124	0.1948	0.2916	
0.2898	0.1641	0.1999	0.3462	
0.4352	0.1309	0.1923	0.2417	
0.3613	0.1814	0.1773	0.2800	
0.3536	0.1911	0.2046	0.2508	
0.3287	0.1428	0.2053	0.3233	
0.3163	0.1609	0.1532	0.3696	
0.3475	0.1735	0.1651	0.3138	
0.3292	0.1915	0.1867	0.2927	
0.2641	0.1720	0.1832	0.3808	
0.3606	0.1758	0.1948	0.2688	
0.3336	0.2083	0.1599	0.2983	
0.3030	0.2257	0.1803	0.2910	
0.3022	0.2128	0.1411	0.3439	
0.3304	0.2077	0.1736	0.2883	
0.2936	0.1996	0.1657	0.3412	
0.2490	0.2551	0.1955	0.3005	
0.2109	0.2115	0.1730	0.4046	
0.3685	0.1607	0.1907	0.2800	
0.3066	0.2092	0.1892	0.2950	
0.2958	0.2378	0.1904	0.2760	
0.2850	0.1821	0.1832	0.3498	
0.2986	0.2080	0.1630	0.3305	
0.2946	0.1932	0.1541	0.3582	
0.2711	0.2403	0.1780	0.3106	
0.1931	0.2211	0.1762	0.4096	
0.4297	0.1453	0.2069	0.2181	
0.3613	0.1759	0.1959	0.2669	
0.3583	0.1922	0.2167	0.2328	
0.3258	0.1605	0.2161	0.2976	
0.3461	0.1766	0.2077	0.2696	
0.3338	0.1923	0.1831	0.2908	
0.2756	0.2316	0.2211	0.2717	
0.2498	0.1817	0.2157	0.3528	
0.4334	0.1389	0.1858	0.2419	
0.3339	0.1895	0.1954	0.2812	
0.3105	0.2130	0.1975	0.2790	
0.3073	0.1535	0.2226	0.3166	
0.3281	0.1739	0.1798	0.3181	
0.3440	0.1851	0.1647	0.3063	
0.3049	0.2049	0.2009	0.2893	
0.2422	0.1842	0.1977	0.3759	
0.3711	0.1619	0.1639	0.3031	
0.3258	0.1919	0.1594	0.3229	
0.3069	0.2100	0.1668	0.3164	
0.3526	0.1608	0.1392	0.3474	
0.3413	0.1832	0.1611	0.3144	
0.2950	0.1959	0.1569	0.3522	
0.3010	0.2164	0.1699	0.3126	
0.2144	0.2011	0.1688	0.4157	
0.3792	0.1579	0.1762	0.2867	
0.3195	0.1991	0.1640	0.3175	
0.3042	0.2288	0.1747	0.2922	
0.2951	0.1644	0.1870	0.3534	
0.2840	0.1962	0.1562	0.3635	
0.2927	0.2044	0.1363	0.3665	
0.2986	0.2096	0.1798	0.3120	
0.1987	0.2019	0.1467	0.4528	

