#MotifLabMotif   (inspired by INCLUSive Motif Model v1.0)
#Collection=ScerTF
#
#ID = ABF1
#Short = ABF1
#Long = ARS-Binding Factor 1
#Alias = YKL112W,SBF1,REB2,OBF1,BAF1
#Interactions = BAS1,GCN4,HSF1,MBP1,PDR1,REB1,RPN4,STB1,STB3,SUM1,SWI4,SWI6
#W = 15
#Description = "DNA binding protein with possible chromatin-reorganizing activity involved in transcriptional activation, gene silencing, and DNA replication and repair"
#Organisms = yeast (Saccharomyces cerevisiae)
#GO = GO:0003688,GO:0000978,GO:0001077,GO:0043565,GO:0044374,GO:0043565,GO:0006338,GO:0030466,GO:0006261,GO:0070911,GO:0000122,GO:0045944,GO:0000113,GO:0005634,GO:0003677,GO:0006260,GO:0006342,GO:0006338,GO:0006289,GO:0045944,GO:0000122,GO:0006357,GO:0019740,GO:0030435,GO:0007126,GO:0005840,GO:0005634,GO:0004674,GO:0051170,GO:0005087,GO:0006406
0.231	0.132	0.119	0.518
0.678	0.017	0.295	0.010
0.006	0.012	0.004	0.978
0.019	0.975	0.004	0.002
0.830	0.004	0.160	0.006
0.002	0.565	0.001	0.432
0.054	0.113	0.059	0.774
0.395	0.159	0.099	0.347
0.156	0.191	0.048	0.605
0.417	0.127	0.270	0.186
0.224	0.267	0.116	0.393
0.980	0.008	0.010	0.002
0.002	0.982	0.008	0.008
0.012	0.004	0.982	0.002
0.459	0.105	0.198	0.238

#ID = ABF2
#Short = ABF2
#Long = ARS-Binding Factor
#Alias = YMR072W
#W = 6
#Description = "Mitochondrial DNA-binding protein involved in mitochondrial DNA replication and recombination, member of HMG1 DNA-binding protein family, activity may be regulated by protein kinase A phosphorylation"
#Organisms = yeast (Saccharomyces cerevisiae)
#GO = GO:0003677,GO:0008301,GO:0090139,GO:0000002,GO:0000001,GO:0000262,GO:0042645,GO:0005739
0.090	0.090	0.020	0.800
0.010	0.970	0.010	0.010
0.010	0.010	0.010	0.970
0.970	0.010	0.010	0.010
0.010	0.010	0.970	0.010
0.940	0.020	0.020	0.020

#ID = ACA1
#Short = ACA1
#Long = ATF/CREB Activator
#Alias = YER045C
#Interactions = GCN4,MSN2,MSN4,RTG3
#W = 17
#Description = "Basic leucine zipper (bZIP) transcription factor of the ATF/CREB family, may regulate transcription of genes involved in utilization of non-optimal carbon sources"
#Organisms = yeast (Saccharomyces cerevisiae)
#GO = GO:0001077,GO:0043565,GO:0045944,GO:0005634
0.920	0.010	0.060	0.010
0.347	0.614	0.020	0.020
0.170	0.220	0.160	0.450
0.970	0.010	0.010	0.010
0.010	0.010	0.960	0.020
0.010	0.010	0.020	0.960
0.210	0.130	0.650	0.010
0.360	0.010	0.560	0.070
0.460	0.130	0.040	0.370
0.010	0.190	0.330	0.470
0.020	0.436	0.089	0.455
0.010	0.950	0.010	0.030
0.861	0.010	0.119	0.010
0.010	0.970	0.010	0.010
0.060	0.540	0.360	0.040
0.386	0.010	0.584	0.020
0.470	0.040	0.350	0.140

#ID = ACE2
#Short = ACE2
#Long = Activator of CUP1 Expression
#Alias = YLR131C
#W = 8
#Description = "Transcription factor that activates expression of early G1-specific genes, localizes to daughter cell nuclei after cytokinesis and delays G1 progression in daughters, localization is regulated by phosphorylation, potential Cdc28p substrate"
#Organisms = yeast (Saccharomyces cerevisiae)
#GO = GO:0000987,GO:0000982,GO:0043565,GO:2001043,GO:0000114,GO:0005829,GO:0005634
0.743	0.124	0.132	0.001
0.731	0.032	0.199	0.038
0.001	0.804	0.027	0.168
0.029	0.832	0.001	0.138
0.548	0.361	0.017	0.074
0.274	0.030	0.646	0.050
0.112	0.524	0.066	0.298
0.601	0.339	0.017	0.043

#ID = ADR1
#Short = ADR1
#Long = Alcohol Dehydrogenase Regulator
#Alias = YDR216W
#W = 13
#Description = "Carbon source-responsive zinc-finger transcription factor, required for transcription of the glucose-repressed gene ADH2, of peroxisomal protein genes, and of genes required for ethanol, glycerol, and fatty acid utilization"
#Organisms = yeast (Saccharomyces cerevisiae)
#GO = GO:0001102,GO:0000978,GO:0000982,GO:0001190,GO:0001093,GO:0001094,GO:0043565,GO:0071400,GO:0006325,GO:0031936,GO:0007031,GO:0061425,GO:0032000,GO:0061424,GO:0045944,GO:0061410,GO:0034401,GO:0005634,GO:0001190,GO:0006366,GO:0045014,GO:0004022,GO:0019655,GO:0006071,GO:0006631,GO:0007031,GO:0003677,GO:0003700,GO:0005669,GO:0016568,GO:0004407,GO:0016584,GO:0004672,GO:0004722,GO:0000164,GO:0016310,GO:0005952
0.574	0.307	0.020	0.099
0.060	0.010	0.150	0.780
0.050	0.110	0.800	0.040
0.010	0.871	0.030	0.089
0.520	0.010	0.430	0.040
0.851	0.010	0.069	0.069
0.297	0.584	0.099	0.020
0.010	0.970	0.010	0.010
0.010	0.208	0.010	0.772
0.020	0.158	0.762	0.059
0.020	0.010	0.080	0.890
0.030	0.576	0.091	0.303
0.505	0.337	0.010	0.149

#ID = AFT1
#Short = AFT1
#Long = Activator of Ferrous Transport
#Alias = YGL071W,RCS1
#Interactions = MIG1,RSF2,SOK2
#W = 9
#Description = "Transcription factor involved in iron utilization and homeostasis, binds the consensus site PyPuCACCCPu and activates the expression of target genes in response to changes in iron availability"
#Organisms = yeast (Saccharomyces cerevisiae)
#GO = GO:0000987,GO:0000982,GO:0043565,GO:0034087,GO:0045132,GO:0034758,GO:0045944,GO:0036086,GO:0005737,GO:0005634
0.394	0.061	0.121	0.424
0.370	0.130	0.110	0.390
0.090	0.060	0.190	0.660
0.040	0.010	0.940	0.010
0.010	0.901	0.010	0.079
0.970	0.010	0.010	0.010
0.010	0.970	0.010	0.010
0.030	0.950	0.010	0.010
0.010	0.790	0.010	0.190

#ID = AFT2
#Short = AFT2
#Long = Activator of Fe (iron) Transcription
#Alias = YPL202C
#Interactions = CAT8,FHL1,GSM1,MIG1,MIG3,RAP1,RSF2,SFP1,SUT1,TYE7
#W = 8
#Description = "Iron-regulated transcriptional activator, activates genes involved in intracellular iron use and required for iron homeostasis and resistance to oxidative stress, similar to Aft1p"
#Organisms = yeast (Saccharomyces cerevisiae)
#GO = GO:0000978,GO:0001077,GO:0043565,GO:0006879,GO:0034599,GO:0045944,GO:0036086,GO:0005634,GO:0005739
0.190	0.270	0.370	0.170
0.290	0.030	0.600	0.080
0.010	0.010	0.970	0.010
0.010	0.010	0.970	0.010
0.010	0.020	0.010	0.960
0.010	0.010	0.970	0.010
0.010	0.386	0.010	0.594
0.180	0.240	0.380	0.200

#ID = ARG80
#Short = ARG80
#Long = ARGinine requiring
#Alias = YMR042W,ARGRI,ARGR1
#Interactions = BAS1,GCN4,RSF2
#W = 12
#Description = "Transcription factor involved in regulation of arginine-responsive genes, acts with Arg81p and Arg82p"
#Organisms = yeast (Saccharomyces cerevisiae)
#GO = GO:0000987,GO:0000982,GO:0045944,GO:1900079,GO:1900081,GO:0005634
0.035	0.244	0.101	0.620
0.031	0.086	0.088	0.795
0.158	0.102	0.199	0.541
0.074	0.564	0.133	0.229
0.051	0.837	0.060	0.052
0.229	0.168	0.355	0.248
0.176	0.373	0.102	0.350
0.360	0.322	0.296	0.023
0.123	0.355	0.283	0.239
0.199	0.147	0.326	0.328
0.427	0.258	0.220	0.096
0.029	0.024	0.929	0.018

#ID = ARG81
#Short = ARG81
#Long = ARGinine requiring
#Alias = YML099C,ARGRII,ARGR2
#Interactions = CAT8,STB4
#W = 8
#Description = "Zinc-finger transcription factor of the Zn(2)-Cys(6) binuclear cluster domain type, involved in the regulation of arginine-responsive genes, acts with Arg80p and Arg82p"
#Organisms = yeast (Saccharomyces cerevisiae)
#GO = GO:0003712,GO:0006525,GO:0045955,GO:0005634
0.300	0.060	0.420	0.220
0.040	0.010	0.020	0.930
0.080	0.010	0.900	0.010
0.970	0.010	0.010	0.010
0.010	0.970	0.010	0.010
0.010	0.010	0.010	0.970
0.010	0.970	0.010	0.010
0.320	0.320	0.020	0.340

#ID = ARO80
#Short = ARO80
#Long = AROmatic amino acid requiring
#Alias = YDR421W
#W = 13
#Description = "Zinc finger transcriptional activator of the Zn2Cys6 family, activates transcription of aromatic amino acid catabolic genes in the presence of aromatic amino acids"
#Organisms = yeast (Saccharomyces cerevisiae)
#GO = GO:0001071,GO:0000981,GO:0043565,GO:0009074,GO:0045944,GO:0005634
0.052	0.827	0.058	0.063
0.091	0.044	0.833	0.032
0.018	0.062	0.797	0.123
0.243	0.223	0.100	0.434
0.373	0.180	0.075	0.372
0.569	0.137	0.170	0.124
0.198	0.146	0.188	0.468
0.085	0.339	0.187	0.388
0.276	0.234	0.247	0.244
0.212	0.028	0.208	0.552
0.053	0.876	0.035	0.036
0.026	0.151	0.748	0.075
0.076	0.066	0.834	0.024

#ID = ARR1
#Short = ARR1
#Long = ARsenicals Resistance
#Alias = YPR199C,ACR1,YAP8
#W = 10
#Description = "Transcriptional activator of the basic leucine zipper (bZIP) family, required for transcription of genes involved in resistance to arsenic compounds"
#Organisms = yeast (Saccharomyces cerevisiae)
#GO = GO:0000978,GO:0001077,GO:0061395,GO:0061395,GO:0005737,GO:0005634
0.214	0.127	0.556	0.103
0.219	0.020	0.032	0.729
0.172	0.077	0.054	0.697
0.621	0.072	0.135	0.172
0.107	0.746	0.119	0.028
0.024	0.085	0.080	0.811
0.754	0.110	0.070	0.066
0.758	0.022	0.027	0.193
0.156	0.233	0.281	0.330
0.103	0.624	0.095	0.178

#ID = ASG1
#Short = ASG1
#Long = Activator of Stress Genes
#Alias = YIL130W
#W = 15
#Description = "Zinc cluster protein proposed to function as a transcriptional regulator involved in the stress response, null mutants have a respiratory deficiency, calcofluor white sensitivity and slightly increased cycloheximide resistance"
#Organisms = yeast (Saccharomyces cerevisiae)
#GO = GO:0043565,GO:0008150,GO:0005634
0.051	0.859	0.020	0.071
0.020	0.890	0.080	0.010
0.010	0.100	0.870	0.020
0.050	0.070	0.840	0.040
0.232	0.424	0.283	0.061
0.263	0.505	0.061	0.172
0.040	0.060	0.650	0.250
0.480	0.070	0.220	0.230
0.060	0.070	0.650	0.220
0.350	0.060	0.080	0.510
0.110	0.320	0.140	0.430
0.040	0.840	0.070	0.050
0.020	0.870	0.100	0.010
0.010	0.080	0.890	0.020
0.071	0.020	0.859	0.051

#ID = ASH1
#Short = ASH1
#Long = Asymmetric Synthesis of HO
#Alias = YKL185W
#Interactions = MBP1,MCM1,SWI6
#W = 10
#Description = "Zinc-finger inhibitor of HO transcription, mRNA is localized and translated in the distal tip of anaphase cells, resulting in accumulation of Ash1p in daughter cell nuclei and inhibition of HO expression, potential Cdc28p substrate"
#Organisms = yeast (Saccharomyces cerevisiae)
#GO = GO:0000987,GO:0001078,GO:2000134,GO:0031495,GO:0000122,GO:2000222,GO:0045944,GO:0005933,GO:0005634,GO:0033698,GO:0033698,GO:0070210,GO:0007533,GO:0007124,GO:0000118
0.001	0.729	0.039	0.231
0.001	0.960	0.001	0.038
0.391	0.080	0.447	0.082
0.376	0.189	0.342	0.093
0.809	0.001	0.189	0.001
0.006	0.048	0.037	0.909
0.223	0.503	0.037	0.237
0.505	0.002	0.311	0.182
0.001	0.037	0.828	0.134
0.015	0.002	0.851	0.132

#ID = AZF1
#Short = AZF1
#Long = Asparagine-rich Zinc-Finger
#Alias = YOR113W
#W = 18
#Description = "Zinc-finger transcription factor, involved in induction of CLN3 transcription in response to glucose, genetic and physical interactions indicate a possible role in mitochondrial transcription or genome maintenance"
#Organisms = yeast (Saccharomyces cerevisiae)
#GO = GO:0000978,GO:0001077,GO:0043565,GO:0071322,GO:0060237,GO:0006357,GO:0005634
0.014	0.216	0.007	0.763
0.332	0.064	0.022	0.582
0.001	0.001	0.042	0.956
0.001	0.001	0.001	0.997
0.027	0.015	0.223	0.735
0.180	0.549	0.049	0.222
0.014	0.007	0.216	0.763
0.111	0.015	0.181	0.693
0.069	0.098	0.015	0.818
0.069	0.181	0.015	0.735
0.001	0.416	0.001	0.582
0.152	0.764	0.015	0.069
0.235	0.015	0.181	0.569
0.250	0.001	0.500	0.250
0.014	0.299	0.007	0.680
0.001	0.125	0.292	0.582
0.055	0.007	0.216	0.722
0.042	0.540	0.001	0.417

#ID = BAS1
#Short = BAS1
#Long = BASal
#Alias = YKR099W
#Interactions = ABF1,ARG80,GCN4,RTG3
#W = 10
#Description = "Myb-related transcription factor involved in regulating basal and induced expression of genes of the purine and histidine biosynthesis pathways, also involved in regulation of meiotic recombination at specific genes"
#Organisms = yeast (Saccharomyces cerevisiae)
#GO = GO:0001046,GO:0001135,GO:0000981,GO:0043565,GO:0045944,GO:0005634,GO:0003700,GO:0000105,GO:0006144,GO:0006207
0.033	0.006	0.051	0.911
0.056	0.014	0.903	0.026
0.920	0.003	0.038	0.038
0.004	0.908	0.004	0.085
0.004	0.035	0.004	0.958
0.003	0.955	0.003	0.040
0.017	0.268	0.244	0.472
0.171	0.074	0.386	0.371
0.208	0.227	0.303	0.262
0.149	0.414	0.079	0.359

#ID = CAD1
#Short = CAD1
#Long = CADmium resistance
#Alias = YDR423C,YAP2
#W = 10
#Description = "AP-1-like basic leucine zipper (bZIP) transcriptional activator involved in stress responses, iron metabolism, and pleiotropic drug resistance, controls a set of genes involved in stabilizing proteins, binds consensus sequence TTACTAA"
#Organisms = yeast (Saccharomyces cerevisiae)
#GO = GO:0001077,GO:0043565,GO:0071276,GO:0045944,GO:0036003,GO:0005737,GO:0005634
0.811	0.116	0.042	0.032
0.026	0.002	0.009	0.963
0.007	0.008	0.005	0.979
0.850	0.027	0.006	0.116
0.159	0.155	0.664	0.022
0.016	0.004	0.006	0.974
0.834	0.147	0.006	0.012
0.986	0.002	0.005	0.007
0.004	0.006	0.607	0.383
0.030	0.901	0.011	0.057

#ID = CAT8
#Short = CAT8
#Long = CATabolite repression
#Alias = YMR280C,MSP8,DIL1
#Interactions = AFT2,ARG81,MIG3,PDR1,RSC3,RSF2,SKN7,STP1,YRM1
#W = 6
#Description = "Zinc cluster transcriptional activator necessary for derepression of a variety of genes under non-fermentative growth conditions, active after diauxic shift, binds carbon source responsive elements"
#Organisms = yeast (Saccharomyces cerevisiae)
#GO = GO:0000978,GO:0001077,GO:0043565,GO:0035948,GO:0035959,GO:0061414,GO:0005634,GO:0006094,GO:0006068,GO:0006097,GO:0045014,GO:0006468
0.010	0.970	0.010	0.010
0.010	0.970	0.010	0.010
0.010	0.010	0.970	0.010
0.010	0.010	0.970	0.010
0.650	0.130	0.210	0.010
0.320	0.180	0.280	0.220

#ID = CBF1
#Short = CBF1
#Long = Centromere Binding Factor
#Alias = YJR060W,CPF1,CEP1
#Interactions = GCN4,HMS1,INO2,MET32,MET4,YDR026C
#W = 8
#Description = "Helix-loop-helix protein that binds the motif CACRTG, which is present at several sites including MET gene promoters and centromere DNA element I (CDEI), required for nucleosome positioning at this motif, targets Isw1p to DNA"
#Organisms = yeast (Saccharomyces cerevisiae)
#GO = GO:0019237,GO:0001102,GO:0000978,GO:0001078,GO:0001077,GO:0001103,GO:0001076,GO:0043565,GO:0006338,GO:0007059,GO:0006021,GO:0009086,GO:0000122,GO:0045944,GO:2000303,GO:0061432,GO:0000103,GO:0000775,GO:0000776,GO:0005739,GO:0005634
0.245	0.002	0.737	0.016
0.029	0.003	0.081	0.887
0.011	0.978	0.005	0.006
0.985	0.001	0.012	0.002
0.004	0.938	0.006	0.052
0.018	0.018	0.961	0.003
0.017	0.008	0.004	0.971
0.001	0.007	0.984	0.008

#ID = CEP3
#Short = CEP3
#Long = CEntromere Protein
#Alias = YMR168C,CSL1,CBF3B,CBF3
#Interactions = MIG3
#W = 20
#Description = "Essential kinetochore protein, component of the CBF3 complex that binds the CDEIII region of the centromere, contains an N-terminal Zn2Cys6 type zinc finger domain, a C-terminal acidic domain, and a putative coiled coil dimerization domain"
#Organisms = yeast (Saccharomyces cerevisiae)
#GO = GO:0019237,GO:0008301,GO:0043565,GO:0007094,GO:0000921,GO:0031518,GO:0000778
0.090	0.180	0.580	0.150
0.240	0.150	0.480	0.130
0.232	0.434	0.061	0.273
0.130	0.310	0.480	0.080
0.410	0.150	0.210	0.230
0.110	0.570	0.170	0.150
0.030	0.366	0.089	0.515
0.010	0.030	0.010	0.950
0.010	0.960	0.020	0.010
0.010	0.280	0.700	0.010
0.010	0.010	0.970	0.010
0.788	0.040	0.141	0.030
0.890	0.010	0.030	0.070
0.660	0.140	0.100	0.100
0.210	0.320	0.110	0.360
0.347	0.277	0.149	0.228
0.120	0.160	0.190	0.530
0.202	0.162	0.434	0.202
0.420	0.110	0.300	0.170
0.170	0.130	0.570	0.130

#ID = CHA4
#Short = CHA4
#Long = Catabolism of Hydroxy Amino acids
#Alias = YLR098C,SIL3,SIL2
#W = 17
#Description = "DNA binding transcriptional activator, mediates serine/threonine activation of the catabolic L-serine (L-threonine) deaminase (CHA1), Zinc-finger protein with Zn[2]-Cys[6] fungal-type binuclear cluster domain"
#Organisms = yeast (Saccharomyces cerevisiae)
#GO = GO:0003700,GO:0043565,GO:0009063,GO:0045893,GO:0005634
0.041	0.808	0.079	0.072
0.068	0.074	0.759	0.099
0.117	0.102	0.760	0.021
0.218	0.176	0.148	0.458
0.109	0.169	0.311	0.412
0.559	0.097	0.134	0.210
0.194	0.305	0.165	0.336
0.304	0.286	0.240	0.170
0.363	0.205	0.191	0.241
0.121	0.055	0.494	0.329
0.348	0.192	0.227	0.232
0.314	0.138	0.306	0.242
0.155	0.255	0.339	0.251
0.293	0.391	0.125	0.192
0.158	0.483	0.219	0.140
0.017	0.083	0.833	0.067
0.561	0.166	0.084	0.189

#ID = CIN5
#Short = CIN5
#Long = Chromosome INstability
#Alias = YOR028C,YAP4,HAL6
#Interactions = MIG3,PDR3,PDR8,YPR196W
#W = 11
#Description = "Basic leucine zipper (bZIP) transcription factor of the yAP-1 family, mediates pleiotropic drug resistance and salt tolerance, nuclearly localized under oxidative stress and sequestered in the cytoplasm by Lot6p under reducing conditions"
#Organisms = yeast (Saccharomyces cerevisiae)
#GO = GO:0070491,GO:0043565,GO:0043565,GO:0006972,GO:0042538,GO:0006357,GO:0042493,GO:0005737,GO:0005634
0.558	0.255	0.107	0.080
0.014	0.014	0.037	0.935
0.011	0.010	0.118	0.861
0.864	0.081	0.023	0.032
0.041	0.614	0.125	0.220
0.330	0.257	0.359	0.054
0.025	0.021	0.044	0.910
0.836	0.141	0.007	0.016
0.924	0.036	0.022	0.018
0.129	0.221	0.357	0.293
0.156	0.629	0.153	0.062

#ID = CRZ1
#Short = CRZ1
#Long = Calcineurin-Responsive Zinc finger
#Alias = YNL027W,TCN1,HAL8
#Interactions = STP1,SUT1
#W = 7
#Description = "Transcription factor that activates transcription of genes involved in stress response, nuclear localization is positively regulated by calcineurin-mediated dephosphorylation"
#Organisms = yeast (Saccharomyces cerevisiae)
#GO = GO:0000987,GO:0001077,GO:0043565,GO:0019722,GO:0006038,GO:0030007,GO:0050801,GO:2001040,GO:0061423,GO:0045944,GO:0007329,GO:0061422,GO:0061400,GO:0061404,GO:0005737,GO:0005634
0.046	0.046	0.867	0.041
0.349	0.041	0.156	0.454
0.011	0.011	0.967	0.011
0.011	0.011	0.967	0.011
0.011	0.967	0.011	0.011
0.011	0.011	0.186	0.792
0.166	0.096	0.572	0.166

#ID = CST6
#Short = CST6
#Long = Chromosome STability
#Alias = YIL036W,SHF1,ACA2
#Interactions = SUT1,YER184C
#W = 6
#Description = "Basic leucine zipper (bZIP) transcription factor of the ATF/CREB family, proposed to be a regulator of oleate responsive genes, involved in utilization of non-optimal carbon sources and chromosome stability"
#Organisms = yeast (Saccharomyces cerevisiae)
#GO = GO:0001077,GO:0043565,GO:0043565,GO:0071244,GO:0071400,GO:0006259,GO:0045944,GO:0061429,GO:0005634
0.010	0.010	0.010	0.970
0.010	0.010	0.910	0.070
0.970	0.010	0.010	0.010
0.010	0.970	0.010	0.010
0.050	0.010	0.930	0.010
0.010	0.010	0.010	0.970

#ID = CUP2
#Short = CUP2
#Long = 
#Alias = YGL166W,ACE1
#W = 11
#Description = "Copper-binding transcription factor, activates transcription of the metallothionein genes CUP1-1 and CUP1-2 in response to elevated copper concentrations"
#Organisms = yeast (Saccharomyces cerevisiae)
#GO = GO:0005507,GO:0001202,GO:0000978,GO:0006357,GO:0046688,GO:0005634
0.001	0.776	0.001	0.222
0.997	0.001	0.001	0.001
0.001	0.001	0.997	0.001
0.222	0.776	0.001	0.001
0.666	0.001	0.332	0.001
0.444	0.111	0.444	0.001
0.997	0.001	0.001	0.001
0.997	0.001	0.001	0.001
0.776	0.001	0.222	0.001
0.443	0.001	0.001	0.555
0.222	0.001	0.776	0.001

#ID = CUP9
#Short = CUP9
#Long = 
#Alias = YPL177C
#W = 11
#Description = "Homeodomain-containing transcriptional repressor of PTR2, which encodes a major peptide transporter, imported peptides activate ubiquitin-dependent proteolysis, resulting in degradation of Cup9p and de-repression of PTR2 transcription"
#Organisms = yeast (Saccharomyces cerevisiae)
#GO = GO:0000978,GO:0001103,GO:0001133,GO:0043565,GO:0035955,GO:0035952,GO:0005634
0.147	0.580	0.183	0.090
0.102	0.567	0.098	0.233
0.578	0.097	0.199	0.126
0.057	0.064	0.128	0.751
0.800	0.096	0.072	0.032
0.270	0.485	0.094	0.150
0.589	0.164	0.154	0.093
0.054	0.339	0.154	0.453
0.011	0.939	0.026	0.024
0.881	0.030	0.077	0.012
0.047	0.623	0.147	0.183

#ID = DAL80
#Short = DAL80
#Long = Degradation of Allantoin
#Alias = YKR034W,UGA43
#Interactions = GAT1,GLN3,GZF3
#W = 5
#Description = "Negative regulator of genes in multiple nitrogen degradation pathways, expression is regulated by nitrogen levels and by Gln3p, member of the GATA-binding family, forms homodimers and heterodimers with Deh1p"
#Organisms = yeast (Saccharomyces cerevisiae)
#GO = GO:0043565,GO:0000981,GO:0043565,GO:0000122,GO:0090295,GO:0005634,GO:0001078,GO:0000122,GO:0045847,GO:0019740,GO:0006810,GO:0044248,GO:0006541,GO:0006536,GO:0006560,GO:0019627,GO:0006525,GO:0009448,GO:0000255,GO:0007039,GO:0090294,GO:0090295
0.012	0.012	0.964	0.012
0.964	0.012	0.012	0.012
0.012	0.012	0.012	0.964
0.964	0.012	0.012	0.012
0.964	0.012	0.012	0.012

#ID = DAL81
#Short = DAL81
#Long = Degradation of Allantoin
#Alias = YIR023W,UGA35
#W = 12
#Description = "Positive regulator of genes in multiple nitrogen degradation pathways, contains DNA binding domain but does not appear to bind the dodecanucleotide sequence present in the promoter region of many genes involved in allantoin catabolism"
#Organisms = yeast (Saccharomyces cerevisiae)
#GO = GO:0000978,GO:0001128,GO:0001190,GO:0001135,GO:0009450,GO:0001080,GO:0019740,GO:0043419,GO:0005634
0.030	0.010	0.100	0.860
0.495	0.446	0.050	0.010
0.010	0.010	0.110	0.870
0.010	0.960	0.020	0.010
0.010	0.010	0.010	0.970
0.080	0.010	0.010	0.900
0.703	0.010	0.228	0.059
0.010	0.010	0.010	0.970
0.010	0.970	0.010	0.010
0.020	0.010	0.010	0.960
0.111	0.576	0.273	0.040
0.150	0.710	0.130	0.010

#ID = DAL82
#Short = DAL82
#Long = Degradation of Allantoin
#Alias = YNL314W
#Interactions = IME1,PDR1,PHD1,UME6,YER184C
#W = 14
#Description = "Positive regulator of allophanate inducible genes, binds a dodecanucleotide sequence upstream of all genes that are induced by allophanate, contains an UISALL DNA-binding, a transcriptional activation, and a coiled-coil domain"
#Organisms = yeast (Saccharomyces cerevisiae)
#GO = GO:0043565,GO:0003700,GO:0043565,GO:0000256,GO:0001080,GO:0005634
0.010	0.693	0.248	0.050
0.051	0.253	0.687	0.010
0.770	0.010	0.010	0.210
0.960	0.010	0.020	0.010
0.920	0.060	0.010	0.010
0.410	0.490	0.010	0.090
0.020	0.079	0.396	0.505
0.010	0.303	0.333	0.354
0.010	0.010	0.970	0.010
0.010	0.970	0.010	0.010
0.010	0.010	0.960	0.020
0.010	0.710	0.140	0.140
0.490	0.080	0.030	0.400
0.050	0.290	0.530	0.130

#ID = DIG1
#Short = DIG1
#Long = Down-regulator of Invasive Growth
#Alias = YPL049C,RST1
#W = 8
#Description = "Regulatory protein of unknown function, constitutively-expressed, involved in the regulation of mating-specific genes and the invasive growth pathway, required for MAP-kinase imposed repression, inhibits pheromone-responsive transcription"
#Organisms = yeast (Saccharomyces cerevisiae)
#GO = GO:0008134,GO:0003677,GO:2000218,GO:2000221,GO:0046020,GO:0005634
0.505	0.010	0.426	0.059
0.590	0.080	0.320	0.010
0.020	0.010	0.960	0.010
0.960	0.020	0.010	0.010
0.970	0.010	0.010	0.010
0.010	0.010	0.010	0.970
0.010	0.010	0.830	0.150
0.010	0.416	0.079	0.495

#ID = DOT6
#Short = DOT6
#Long = Disruptor Of Telomeric silencing
#Alias = YER088C,PBF2
#Interactions = EDS1,STB3,TOD6
#W = 10
#Description = "Protein involved in rRNA and ribosome biogenesis, binds polymerase A and C motif, subunit of the RPD3L histone deacetylase complex, similar to Tod6p, has chromatin specific SANT domain, involved in telomeric gene silencing and filamentation"
#Organisms = yeast (Saccharomyces cerevisiae)
#GO = GO:0043565,GO:0043565,GO:0000183,GO:0006348,GO:0030447,GO:0006357,GO:0009826,GO:0005737,GO:0005634,GO:0033698,GO:0070210
0.515	0.059	0.139	0.287
0.080	0.420	0.390	0.110
0.030	0.760	0.200	0.010
0.010	0.051	0.081	0.859
0.010	0.970	0.010	0.010
0.950	0.010	0.010	0.030
0.010	0.010	0.030	0.950
0.010	0.950	0.010	0.030
0.040	0.010	0.871	0.079
0.220	0.580	0.180	0.020

#ID = ECM22
#Short = ECM22
#Long = ExtraCellular Mutant
#Alias = YLR228C
#W = 13
#Description = "Sterol regulatory element binding protein, regulates transcription of sterol biosynthetic genes, contains Zn[2]-Cys[6] binuclear cluster, homologous to Upc2p, relocates from intracellular membranes to perinuclear foci on sterol depletion"
#Organisms = yeast (Saccharomyces cerevisiae)
#GO = GO:0000978,GO:0001077,GO:0043565,GO:0035961,GO:0035969,GO:0016020,GO:0005634,GO:0048471
0.059	0.525	0.129	0.287
0.010	0.780	0.200	0.010
0.010	0.030	0.949	0.010
0.040	0.010	0.940	0.010
0.242	0.020	0.717	0.020
0.140	0.260	0.160	0.440
0.228	0.297	0.347	0.129
0.230	0.080	0.420	0.270
0.350	0.420	0.110	0.120
0.020	0.930	0.010	0.040
0.010	0.040	0.940	0.010
0.020	0.020	0.950	0.010
0.920	0.010	0.050	0.020

#ID = ECM23
#Short = ECM23
#Long = ExtraCellular Mutant
#Alias = YPL021W,SRD2
#W = 5
#Description = "Non-essential protein of unconfirmed function, affects pre-rRNA processing, may act as a negative regulator of the transcription of genes involved in pseudohyphal growth, homologous to Srd1p"
#Organisms = yeast (Saccharomyces cerevisiae)
#GO = GO:0043565,GO:0043565,GO:0007124,GO:0005575
0.720	0.110	0.100	0.070
0.100	0.020	0.860	0.020
0.970	0.010	0.010	0.010
0.030	0.010	0.010	0.950
0.010	0.890	0.030	0.070

#ID = EDS1
#Short = EDS1
#Long = Expression Dependent on Slt2
#Alias = YBR033W
#Interactions = DOT6,HSF1,RGT1,STB3,TOD6
#W = 7
#Description = "Putative zinc cluster protein, YBR033W is not an essential gene"
#Organisms = yeast (Saccharomyces cerevisiae)
#GO = GO:0043565,GO:0008150,GO:0005575
0.010	0.010	0.970	0.010
0.010	0.010	0.970	0.010
0.970	0.010	0.010	0.010
0.743	0.010	0.010	0.238
0.475	0.238	0.099	0.188
0.970	0.010	0.010	0.010
0.830	0.010	0.010	0.150

#ID = ERT1
#Short = ERT1
#Long = Ethanol Regulator of Translation
#Alias = YBR239C
#W = 7
#Description = "Transcriptional regulator of nonfermentable carbon utilization, GFP-fusion protein localizes to cytoplasm, nucleus, null mutation affects periodicity of transcriptional and metabolic oscillation, plays role in restricting Ty1 transposition"
#Organisms = yeast (Saccharomyces cerevisiae)
#GO = GO:0043565,GO:0008150,GO:0005737,GO:0005634
0.086	0.494	0.069	0.351
0.013	0.963	0.014	0.010
0.010	0.011	0.969	0.010
0.014	0.010	0.967	0.010
0.958	0.011	0.015	0.017
0.955	0.012	0.021	0.012
0.048	0.644	0.046	0.263

#ID = FHL1
#Short = FHL1
#Long = Fork Head-Like
#Alias = YPR104C,SPP42
#Interactions = AFT2,RAP1,SFP1
#W = 8
#Description = "Regulator of ribosomal protein transcription, has forkhead associated domain that binds phosphorylated proteins, also has forkhead DNA-binding domain but does not bind DNA in vitro, suppresses RNA pol III and splicing factor prp4 mutants"
#Organisms = yeast (Saccharomyces cerevisiae)
#GO = GO:0003677,GO:0070491,GO:0008134,GO:0043565,GO:0010688,GO:0060963,GO:0032545,GO:0000790,GO:0005730,GO:0005634,GO:0005666,GO:0006366,GO:0005665,GO:0060962,GO:0006356,GO:0003713,GO:0003712,GO:0031929,GO:0032545,GO:0005736
0.050	0.099	0.832	0.020
0.929	0.010	0.020	0.040
0.010	0.970	0.010	0.010
0.010	0.010	0.930	0.050
0.010	0.970	0.010	0.010
0.900	0.010	0.070	0.020
0.650	0.210	0.050	0.090
0.505	0.089	0.040	0.366

#ID = FKH1
#Short = FKH1
#Long = ForK head Homolog
#Alias = YIL131C
#Interactions = MBP1,MCM1,NDD1,STB1,SWI4,SWI6
#W = 9
#Description = "Forkhead family transcription factor with a minor role in the expression of G2/M phase genes, negatively regulates transcriptional elongation, positive role in chromatin silencing at HML and HMR, regulates donor preference during switching"
#Organisms = yeast (Saccharomyces cerevisiae)
#GO = GO:0019237,GO:0000978,GO:0001078,GO:0001077,GO:0043565,GO:0071406,GO:0006338,GO:0007535,GO:0031124,GO:2000221,GO:0034244,GO:0060277,GO:0090419,GO:0090055,GO:0090282,GO:0006369,GO:0005634,GO:0003700,GO:0000086,GO:0045931,GO:0000114,GO:0000920,GO:0007114,GO:0007124,GO:0000117,GO:0007346,GO:0003713,GO:0006338,GO:0006338,GO:0006368,GO:0006369,GO:0030466,GO:0007535,GO:0007533,GO:0000085,GO:0000080,GO:0051726,GO:0007067,GO:0000910,GO:0007094
0.130	0.010	0.850	0.010
0.040	0.030	0.030	0.900
0.740	0.240	0.010	0.010
0.830	0.150	0.010	0.010
0.970	0.010	0.010	0.010
0.010	0.802	0.010	0.178
0.890	0.040	0.060	0.010
0.550	0.100	0.120	0.230
0.200	0.170	0.540	0.090

#ID = FKH2
#Short = FKH2
#Long = ForK head Homolog
#Alias = YNL068C
#Interactions = HCM1,MBP1,MCM1,NDD1,STB1,SWI4
#W = 7
#Description = "Forkhead family transcription factor with a major role in the expression of G2/M phase genes, positively regulates transcriptional elongation, negative role in chromatin silencing at HML and HMR, substrate of the Cdc28p/Clb5p kinase"
#Organisms = yeast (Saccharomyces cerevisiae)
#GO = GO:0000978,GO:0001085,GO:0001076,GO:0043565,GO:0006338,GO:0061186,GO:2000221,GO:0060277,GO:0090419,GO:0032968,GO:0090282,GO:0005634,GO:0003700,GO:0000086,GO:0000114,GO:0008301,GO:0003713,GO:0000785,GO:0006468,GO:0000920,GO:0007114,GO:0007124,GO:0000117,GO:0007346,GO:0006338,GO:0006368,GO:0006369,GO:0000115,GO:0006468,GO:0003713,GO:0051726,GO:0000082,GO:0000085,GO:0000087,GO:0007067,GO:0000910,GO:0007094
0.130	0.010	0.850	0.010
0.010	0.010	0.010	0.970
0.970	0.010	0.010	0.010
0.970	0.010	0.010	0.010
0.970	0.010	0.010	0.010
0.010	0.970	0.010	0.010
0.970	0.010	0.010	0.010

#ID = FZF1
#Short = FZF1
#Long = Five Zinc Fingers
#Alias = YGL254W,SUL1,RSU1,NRC299
#Interactions = SPT23
#W = 6
#Description = "Transcription factor involved in sulfite metabolism, sole identified regulatory target is SSU1, overexpression suppresses sulfite-sensitivity of many unrelated mutants due to hyperactivation of SSU1, contains five zinc fingers"
#Organisms = yeast (Saccharomyces cerevisiae)
#GO = GO:0000978,GO:0001077,GO:0043565,GO:0061426,GO:0005634,GO:0003700,GO:0006790,GO:0005886,GO:0000319,GO:0003677
0.010	0.970	0.010	0.010
0.010	0.010	0.010	0.970
0.970	0.010	0.010	0.010
0.010	0.010	0.010	0.970
0.010	0.970	0.010	0.010
0.970	0.010	0.010	0.010

#ID = GAL4
#Short = GAL4
#Long = GALactose metabolism
#Alias = YPL248C,GAL81
#W = 18
#Description = "DNA-binding transcription factor required for the activation of the GAL genes in response to galactose, repressed by Gal80p and activated by Gal3p"
#Organisms = yeast (Saccharomyces cerevisiae)
#GO = GO:0000978,GO:0001077,GO:0001085,GO:0001133,GO:0043565,GO:0006012,GO:0000435,GO:0005634,GO:0003700,GO:0000435,GO:0006012,GO:0000977,GO:0042789,GO:0045944,GO:0060633,GO:0043433,GO:0005634,GO:0005737,GO:0000124,GO:0016592,GO:0045944,GO:0005838,GO:0000502,GO:0006513,GO:0042803,GO:0006468
0.001	0.941	0.001	0.057
0.001	0.015	0.983	0.001
0.056	0.044	0.885	0.015
0.642	0.126	0.101	0.131
0.185	0.427	0.373	0.015
0.199	0.142	0.186	0.472
0.574	0.071	0.299	0.056
0.142	0.569	0.218	0.071
0.640	0.001	0.015	0.344
0.116	0.367	0.316	0.201
0.058	0.196	0.001	0.745
0.060	0.181	0.472	0.287
0.030	0.670	0.210	0.090
0.186	0.426	0.187	0.201
0.001	0.983	0.015	0.001
0.001	0.997	0.001	0.001
0.001	0.001	0.956	0.042
0.572	0.095	0.178	0.155

#ID = GAL80
#Short = GAL80
#Long = GALactose metabolism
#Alias = YML051W
#W = 17
#Description = "Transcriptional regulator involved in the repression of GAL genes in the absence of galactose, inhibits transcriptional activation by Gal4p, inhibition relieved by Gal3p or Gal1p binding"
#Organisms = yeast (Saccharomyces cerevisiae)
#GO = GO:0019210,GO:0001102,GO:0006012,GO:0033673,GO:0043433,GO:0000122,GO:0005737,GO:0005634,GO:0000122,GO:0000409,GO:0003700,GO:0051220,GO:0005737,GO:0004335
0.001	0.997	0.001	0.001
0.001	0.001	0.997	0.001
0.001	0.001	0.997	0.001
0.546	0.248	0.205	0.001
0.367	0.088	0.544	0.001
0.181	0.184	0.385	0.249
0.630	0.237	0.132	0.001
0.001	0.386	0.086	0.527
0.001	0.001	0.154	0.844
0.001	0.426	0.572	0.001
0.001	0.240	0.001	0.758
0.107	0.564	0.328	0.001
0.380	0.258	0.362	0.001
0.001	0.200	0.081	0.719
0.001	0.798	0.200	0.001
0.001	0.997	0.001	0.001
0.001	0.001	0.997	0.001

#ID = GAT1
#Short = GAT1
#Long = 
#Alias = YFL021W,MEP80,NIL1
#Interactions = DAL80
#W = 9
#Description = "Transcriptional activator of genes involved in nitrogen catabolite repression, contains a GATA-1-type zinc finger DNA-binding motif, activity and localization regulated by nitrogen limitation and Ure2p"
#Organisms = yeast (Saccharomyces cerevisiae)
0.010	0.460	0.240	0.290
0.010	0.850	0.130	0.010
0.010	0.010	0.010	0.970
0.030	0.010	0.010	0.950
0.970	0.010	0.010	0.010
0.010	0.010	0.010	0.970
0.010	0.970	0.010	0.010
0.228	0.010	0.653	0.109
0.020	0.317	0.426	0.238

#ID = GAT3
#Short = GAT3
#Long = 
#Alias = YLR013W
#W = 8
#Description = "Protein containing GATA family zinc finger motifs"
#Organisms = yeast (Saccharomyces cerevisiae)
#GO = GO:0043565,GO:0003700,GO:0043565,GO:0006351,GO:0005634
0.854	0.017	0.001	0.128
0.002	0.002	0.001	0.995
0.732	0.048	0.004	0.216
0.750	0.060	0.117	0.073
0.170	0.654	0.162	0.014
0.814	0.001	0.001	0.184
0.001	0.009	0.001	0.989
0.019	0.001	0.979	0.001

#ID = GAT4
#Short = GAT4
#Long = 
#Alias = YIR013C
#W = 11
#Description = "Protein containing GATA family zinc finger motifs"
#Organisms = yeast (Saccharomyces cerevisiae)
#GO = GO:0003700,GO:0043565,GO:0006351,GO:0005634
0.020	0.130	0.030	0.820
0.840	0.010	0.140	0.010
0.020	0.010	0.960	0.010
0.910	0.010	0.010	0.070
0.070	0.010	0.010	0.910
0.010	0.960	0.010	0.020
0.010	0.140	0.010	0.840
0.820	0.030	0.130	0.020
0.121	0.303	0.091	0.485
0.370	0.100	0.110	0.420
0.190	0.560	0.100	0.150

#ID = GCN4
#Short = GCN4
#Long = General Control Nonderepressible
#Alias = YEL009C,AAS101,ARG9,AAS3
#Interactions = ABF1,ACA1,ARG80,BAS1,CBF1,LEU3,RSC3,RTG3,STB3,TYE7
#W = 9
#Description = "Basic leucine zipper (bZIP) transcriptional activator of amino acid biosynthetic genes in response to amino acid starvation, expression is tightly regulated at both the transcriptional and translational levels"
#Organisms = yeast (Saccharomyces cerevisiae)
#GO = GO:0003682,GO:0001191,GO:0001190,GO:0001135,GO:0043565,GO:0003700,GO:0001084,GO:0043565,GO:0010691,GO:0000122,GO:0001080,GO:0045899,GO:0060261,GO:0005634,GO:0001190,GO:0003677
0.547	0.059	0.363	0.031
0.012	0.010	0.011	0.968
0.011	0.026	0.889	0.075
0.964	0.012	0.013	0.012
0.009	0.657	0.323	0.010
0.015	0.010	0.014	0.962
0.073	0.891	0.024	0.013
0.915	0.022	0.016	0.046
0.038	0.352	0.060	0.550

#ID = GCR1
#Short = GCR1
#Long = GlyColysis Regulation
#Alias = YPL075W,LPF10
#W = 9
#Description = "Transcriptional activator of genes involved in glycolysis, DNA-binding protein that interacts and functions with the transcriptional activator Gcr2p"
#Organisms = yeast (Saccharomyces cerevisiae)
#GO = GO:0000978,GO:0001077,GO:0000980,GO:0003705,GO:0000433,GO:0034728,GO:0060963,GO:0045944,GO:0072363,GO:0005635
0.136	0.030	0.805	0.029
0.055	0.031	0.828	0.086
0.041	0.900	0.030	0.029
0.103	0.029	0.029	0.839
0.029	0.029	0.029	0.913
0.029	0.911	0.031	0.029
0.029	0.899	0.043	0.029
0.566	0.038	0.034	0.362
0.166	0.572	0.096	0.166

#ID = GCR2
#Short = GCR2
#Long = GlyColysis Regulation
#Alias = YNL199C
#Interactions = TOD6
#W = 7
#Description = "Transcriptional activator of genes involved in glycolysis, interacts and functions with the DNA-binding protein Gcr1p"
#Organisms = yeast (Saccharomyces cerevisiae)
#GO = GO:0001102,GO:0001076,GO:0060963,GO:0045944,GO:0072363,GO:0005635,GO:0005634
0.213	0.131	0.541	0.115
0.001	0.997	0.001	0.001
0.082	0.001	0.016	0.901
0.001	0.001	0.001	0.997
0.001	0.932	0.001	0.066
0.001	0.967	0.016	0.016
0.377	0.197	0.033	0.393

#ID = GIS1
#Short = GIS1
#Long = GIg1-2 Suppressor
#Alias = YDR096W
#Interactions = GSM1,MIG1,MIG3,NHP10,NRG1,OAF1,PHD1,RDS2,RPH1,RSC3,RSF2,SKN7,SOK2,STP1,SUT1,UGA3,YDR026C,YER184C
#W = 6
#Description = "JmjC domain-containing histone demethylase, transcription factor involved in expression of genes during nutrient limitation and in negative regulation of DPP1 and PHR1, activity is modulated by limited proteasome-mediated proteolysis"
#Organisms = yeast (Saccharomyces cerevisiae)
#GO = GO:0051864,GO:0000978,GO:0001078,GO:0001077,GO:0043565,GO:0001300,GO:0016577,GO:0060275,GO:0000122,GO:0045944,GO:0071071,GO:0005634,GO:0005739,GO:0005634
0.010	0.950	0.010	0.030
0.010	0.970	0.010	0.010
0.010	0.970	0.010	0.010
0.010	0.850	0.010	0.130
0.010	0.010	0.010	0.970
0.490	0.040	0.150	0.320

#ID = GLN3
#Short = GLN3
#Long = GLutamiNe metabolism
#Alias = YER040W
#Interactions = DAL80
#W = 9
#Description = "Transcriptional activator of genes regulated by nitrogen catabolite repression (NCR), localization and activity regulated by quality of nitrogen source"
#Organisms = yeast (Saccharomyces cerevisiae)
#GO = GO:0000978,GO:0003700,GO:0043565,GO:0001080,GO:0045944,GO:0005829,GO:0005634,GO:0001077,GO:0045944,GO:0045847,GO:0003677,GO:0019740,GO:0006995,GO:0005634,GO:0005829,GO:0051170,GO:0051168,GO:0016301,GO:0043433,GO:0051219,GO:0003714,GO:0042994,GO:0004721,GO:0004842,GO:0042493
0.013	0.018	0.962	0.007
0.910	0.016	0.067	0.007
0.012	0.012	0.002	0.974
0.788	0.005	0.056	0.151
0.941	0.004	0.049	0.006
0.033	0.083	0.859	0.025
0.680	0.152	0.145	0.023
0.285	0.092	0.132	0.491
0.565	0.097	0.150	0.188

#ID = GSM1
#Short = GSM1
#Long = Glucose Starvation Modulator
#Alias = YJL103C
#Interactions = AFT2,GIS1,MIG3,MSN2,MSN4,PDR3,PDR8,PHD1,RGM1,RGT1,RSC3,STP1,SUT1,SUT2,USV1,YPR196W
#W = 5
#Description = "Putative zinc cluster protein of unknown function, proposed to be involved in the regulation of energy metabolism, based on patterns of expression and sequence analysis"
#Organisms = yeast (Saccharomyces cerevisiae)
#GO = GO:0003677,GO:0043565,GO:0006119,GO:0005575
0.020	0.940	0.020	0.020
0.010	0.970	0.010	0.010
0.010	0.070	0.910	0.010
0.050	0.010	0.930	0.010
0.580	0.070	0.260	0.090

#ID = GTS1
#Short = GTS1
#Long = Glycine Threonine Serine repeat protein
#Alias = YGL181W,LSR1,FHT1
#W = 6
#Description = "Arf3p GTPase Activating Protein (GAP) that localizes to endocytic patches, gts1 mutations affect budding, cell size, heat tolerance, sporulation, life span, ultradian rhythms, localizes to nucleus and induces flocculation when overexpressed"
#Organisms = yeast (Saccharomyces cerevisiae)
#GO = GO:0008060,GO:0070491,GO:0000989,GO:0006897,GO:0010512,GO:0045944,GO:0006357,GO:0007624,GO:0030479,GO:0005737,GO:0005634
0.150	0.001	0.001	0.848
0.997	0.001	0.001	0.001
0.001	0.734	0.036	0.229
0.001	0.975	0.001	0.023
0.836	0.009	0.154	0.001
0.988	0.001	0.010	0.001

#ID = GZF3
#Short = GZF3
#Long = Gata Zinc Finger protein
#Alias = YJL110C,NIL2,DEH1
#Interactions = DAL80
#W = 7
#Description = "GATA zinc finger protein and Dal80p homolog that negatively regulates nitrogen catabolic gene expression by competing with Gat1p for GATA site binding, function requires a repressive carbon source, dimerizes with Dal80p and binds to Tor1p"
#Organisms = yeast (Saccharomyces cerevisiae)
#GO = GO:0043565,GO:0000981,GO:0043565,GO:0051457,GO:0000122,GO:0090295,GO:0005634
0.180	0.390	0.020	0.410
0.010	0.010	0.970	0.010
0.970	0.010	0.010	0.010
0.010	0.010	0.010	0.970
0.970	0.010	0.010	0.010
0.720	0.090	0.010	0.180
0.040	0.370	0.580	0.010

#ID = HAC1
#Short = HAC1
#Long = Homologous to Atf/Creb1
#Alias = YFL031W,IRE15,ERN4
#Interactions = PHO4,SWI6
#W = 10
#Description = "Basic leucine zipper (bZIP) transcription factor (ATF/CREB1 homolog) that regulates the unfolded protein response, via UPRE binding, and membrane biogenesis, ER stress-induced splicing pathway facilitates efficient Hac1p synthesis"
#Organisms = yeast (Saccharomyces cerevisiae)
#GO = GO:0000981,GO:0043565,GO:0030968,GO:0010674,GO:0045944,GO:0006990,GO:0005634,GO:0000981,GO:0006986,GO:0006644
0.794	0.001	0.001	0.204
0.091	0.001	0.495	0.414
0.152	0.001	0.846	0.001
0.544	0.411	0.001	0.044
0.001	0.997	0.001	0.001
0.958	0.001	0.001	0.040
0.001	0.997	0.001	0.001
0.001	0.001	0.997	0.001
0.152	0.001	0.001	0.846
0.895	0.001	0.001	0.103

#ID = HAL9
#Short = HAL9
#Long = HALotolerance
#Alias = YOL089C
#W = 18
#Description = "Putative transcription factor containing a zinc finger, overexpression increases salt tolerance through increased expression of the ENA1 (Na+/Li+ extrusion pump) gene while gene disruption decreases both salt tolerance and ENA1 expression"
#Organisms = yeast (Saccharomyces cerevisiae)
