#INCLUSive Background Model v1.0
#
#Order = 4
#Organism = yeast
#Sequences = /users/sista/thijs/scratch/Yeast/yeast_up800.tfa
#Path = 
#

#snf
0.3216	0.1826	0.1768	0.3190	

#oligo frequency 
0.0190
0.0001
0.0074
0.0337
0.0013
0.0007
0.0001
0.0001
0.0086
0.0001
0.0013
0.0050
0.0679
0.0025
0.0019
0.0288
0.0013
0.0013
0.0001
0.0007
0.0001
0.0007
0.0001
0.0007
0.0007
0.0001
0.0001
0.0007
0.0007
0.0007
0.0001
0.0001
0.0032
0.0001
0.0013
0.0080
0.0007
0.0001
0.0001
0.0007
0.0013
0.0001
0.0013
0.0007
0.0050
0.0013
0.0001
0.0013
0.0703
0.0013
0.0032
0.0783
0.0013
0.0007
0.0007
0.0032
0.0038
0.0007
0.0001
0.0013
0.0514
0.0025
0.0038
0.0270
0.0013
0.0001
0.0001
0.0032
0.0007
0.0001
0.0007
0.0001
0.0001
0.0001
0.0001
0.0001
0.0007
0.0001
0.0007
0.0019
0.0001
0.0001
0.0001
0.0001
0.0001
0.0007
0.0007
0.0007
0.0001
0.0013
0.0019
0.0001
0.0019
0.0001
0.0001
0.0013
0.0019
0.0001
0.0001
0.0007
0.0001
0.0007
0.0007
0.0001
0.0013
0.0007
0.0019
0.0007
0.0007
0.0001
0.0001
0.0013
0.0019
0.0001
0.0007
0.0019
0.0001
0.0007
0.0001
0.0001
0.0007
0.0001
0.0001
0.0007
0.0013
0.0007
0.0001
0.0025
0.0025
0.0007
0.0013
0.0050
0.0001
0.0007
0.0001
0.0013
0.0013
0.0001
0.0001
0.0013
0.0050
0.0001
0.0013
0.0062
0.0007
0.0001
0.0001
0.0007
0.0001
0.0007
0.0013
0.0001
0.0001
0.0001
0.0013
0.0001
0.0007
0.0001
0.0001
0.0007
0.0007
0.0013
0.0013
0.0013
0.0001
0.0013
0.0007
0.0001
0.0007
0.0013
0.0019
0.0013
0.0007
0.0019
0.0001
0.0013
0.0025
0.0001
0.0001
0.0044
0.0019
0.0007
0.0007
0.0001
0.0001
0.0001
0.0007
0.0001
0.0013
0.0013
0.0001
0.0019
0.0374
0.0013
0.0062
0.0594
0.0013
0.0001
0.0007
0.0001
0.0025
0.0013
0.0019
0.0013
0.0801
0.0032
0.0019
0.0477
0.0025
0.0001
0.0001
0.0019
0.0001
0.0001
0.0013
0.0019
0.0019
0.0001
0.0007
0.0013
0.0013
0.0001
0.0013
0.0025
0.0038
0.0007
0.0001
0.0025
0.0007
0.0001
0.0001
0.0007
0.0013
0.0001
0.0001
0.0013
0.0007
0.0001
0.0007
0.0007
0.0294
0.0007
0.0032
0.0484
0.0013
0.0013
0.0025
0.0019
0.0025
0.0007
0.0019
0.0001
0.0276
0.0025
0.0013
0.0251

#transition matrix
0.4854	0.1199	0.1810	0.2138	
0.3854	0.1654	0.1799	0.2693	
0.3706	0.1782	0.2119	0.2393	
0.3714	0.1509	0.1760	0.3016	
0.4179	0.1508	0.1898	0.2416	
0.3571	0.1846	0.1679	0.2903	
0.3275	0.2117	0.1966	0.2642	
0.2905	0.1603	0.2024	0.3467	
0.4585	0.1265	0.1985	0.2165	
0.3671	0.1726	0.1785	0.2817	
0.3582	0.1860	0.2200	0.2358	
0.3294	0.1357	0.2150	0.3199	
0.3550	0.1529	0.1698	0.3224	
0.3585	0.1789	0.1651	0.2975	
0.3404	0.1902	0.1967	0.2727	
0.2680	0.1609	0.1936	0.3775	
0.3687	0.1683	0.1896	0.2734	
0.3828	0.2050	0.1476	0.2646	
0.3160	0.2160	0.1798	0.2882	
0.3613	0.1833	0.1388	0.3166	
0.3488	0.2065	0.1719	0.2728	
0.2994	0.1829	0.1974	0.3202	
0.2619	0.2360	0.1773	0.3248	
0.2371	0.2095	0.1815	0.3719	
0.3900	0.1708	0.1696	0.2696	
0.3430	0.1861	0.1920	0.2788	
0.3090	0.2287	0.1671	0.2952	
0.3239	0.1593	0.1949	0.3220	
0.3074	0.2087	0.1642	0.3196	
0.3184	0.1970	0.1442	0.3405	
0.2896	0.2294	0.1770	0.3040	
0.2080	0.2211	0.1755	0.3954	
0.4393	0.1480	0.2054	0.2073	
0.3734	0.1771	0.1973	0.2523	
0.3702	0.1866	0.2153	0.2278	
0.3348	0.1675	0.2035	0.2943	
0.3594	0.1739	0.2140	0.2527	
0.3436	0.1820	0.1867	0.2876	
0.2959	0.2219	0.2278	0.2545	
0.2503	0.1805	0.2161	0.3531	
0.4397	0.1351	0.1833	0.2419	
0.3605	0.1864	0.1905	0.2626	
0.3325	0.2089	0.2001	0.2584	
0.3083	0.1536	0.2153	0.3229	
0.3386	0.1692	0.1891	0.3031	
0.3687	0.1716	0.1721	0.2877	
0.3371	0.1922	0.2089	0.2618	
0.2479	0.1826	0.1969	0.3726	
0.3841	0.1492	0.1579	0.3088	
0.3586	0.1761	0.1683	0.2970	
0.3343	0.2022	0.1628	0.3008	
0.4198	0.1416	0.1346	0.3040	
0.3530	0.1834	0.1563	0.3073	
0.3092	0.1823	0.1635	0.3450	
0.2917	0.2299	0.1683	0.3101	
0.2403	0.2093	0.1821	0.3684	
0.3657	0.1592	0.1882	0.2870	
0.3385	0.1957	0.1698	0.2960	
0.3314	0.2191	0.1735	0.2760	
0.3499	0.1533	0.1963	0.3005	
0.2870	0.1877	0.1525	0.3729	
0.3154	0.1962	0.1396	0.3488	
0.3091	0.2047	0.1716	0.3147	
0.2300	0.1950	0.1554	0.4197	
0.4137	0.1578	0.1798	0.2487	
0.3716	0.1770	0.1615	0.2898	
0.3832	0.1830	0.1927	0.2411	
0.3408	0.1603	0.1768	0.3221	
0.3095	0.2214	0.1783	0.2907	
0.3431	0.2012	0.1699	0.2858	
0.2856	0.2100	0.1872	0.3172	
0.2784	0.1674	0.1948	0.3593	
0.4125	0.1398	0.1843	0.2634	
0.3655	0.1784	0.1806	0.2755	
0.3302	0.2111	0.1975	0.2612	
0.3257	0.1497	0.1932	0.3315	
0.2996	0.1817	0.1473	0.3715	
0.3219	0.1695	0.1901	0.3186	
0.3060	0.2109	0.1829	0.3001	
0.2521	0.1793	0.1876	0.3810	
0.3615	0.1857	0.1990	0.2539	
0.3157	0.2091	0.1664	0.3087	
0.3003	0.2224	0.1825	0.2948	
0.2765	0.2128	0.1434	0.3673	
0.3137	0.2305	0.1789	0.2768	
0.2816	0.2107	0.1618	0.3459	
0.2321	0.2691	0.2264	0.2724	
0.2047	0.2055	0.1634	0.4264	
0.3703	0.1652	0.1857	0.2788	
0.2829	0.2406	0.1716	0.3048	
0.3054	0.2241	0.2285	0.2420	
0.2790	0.1830	0.1848	0.3532	
0.3184	0.2114	0.1490	0.3212	
0.2751	0.2010	0.1712	0.3527	
0.2606	0.2478	0.1790	0.3126	
0.1912	0.2152	0.1628	0.4308	
0.4039	0.1577	0.2175	0.2208	
0.3442	0.1627	0.2108	0.2824	
0.3395	0.1993	0.2345	0.2267	
0.3031	0.1556	0.2520	0.2894	
0.3394	0.1852	0.1991	0.2763	
0.3225	0.2007	0.1972	0.2796	
0.2616	0.2505	0.1980	0.2899	
0.2583	0.1735	0.2127	0.3555	
0.4097	0.1475	0.1937	0.2490	
0.3030	0.1786	0.2164	0.3021	
0.2735	0.2025	0.1960	0.3280	
0.2951	0.1476	0.2362	0.3211	
0.3069	0.1984	0.1711	0.3236	
0.3308	0.1848	0.1729	0.3115	
0.2895	0.2223	0.2097	0.2784	
0.2456	0.1859	0.1856	0.3829	
0.3687	0.1706	0.1596	0.3011	
0.3167	0.1976	0.1455	0.3402	
0.2928	0.2186	0.1561	0.3325	
0.2876	0.1874	0.1356	0.3893	
0.3335	0.1858	0.1553	0.3254	
0.3013	0.2062	0.1607	0.3318	
0.3513	0.1996	0.1640	0.2852	
0.2085	0.2056	0.1614	0.4244	
0.3970	0.1571	0.1683	0.2776	
0.3129	0.1927	0.1652	0.3292	
0.3081	0.2174	0.1774	0.2970	
0.2791	0.1742	0.1830	0.3637	
0.2923	0.2001	0.1550	0.3525	
0.2770	0.2132	0.1407	0.3691	
0.2916	0.2189	0.1805	0.3090	
0.1976	0.2041	0.1465	0.4518	
0.4565	0.1421	0.1806	0.2208	
0.3625	0.1750	0.1804	0.2821	
0.3776	0.1858	0.1967	0.2399	
0.3699	0.1562	0.1835	0.2904	
0.3628	0.1693	0.2052	0.2627	
0.3346	0.2009	0.1624	0.3021	
0.3049	0.2356	0.1989	0.2606	
0.2878	0.1818	0.2078	0.3226	
0.4349	0.1316	0.1920	0.2415	
0.3573	0.1839	0.1651	0.2937	
0.3710	0.1864	0.1930	0.2496	
0.3130	0.1548	0.2125	0.3197	
0.3417	0.1563	0.1718	0.3301	
0.3432	0.1724	0.1586	0.3258	
0.3966	0.1804	0.1832	0.2399	
0.2533	0.1810	0.1923	0.3734	
0.3679	0.1729	0.2067	0.2525	
0.3324	0.2066	0.1750	0.2861	
0.3073	0.2313	0.1847	0.2767	
0.3033	0.1971	0.1534	0.3462	
0.3364	0.2003	0.1739	0.2894	
0.3129	0.1953	0.1673	0.3246	
0.2560	0.2764	0.1891	0.2785	
0.2000	0.2058	0.1886	0.4056	
0.3408	0.1676	0.1784	0.3133	
0.2941	0.2117	0.2060	0.2882	
0.2815	0.2606	0.1964	0.2615	
0.2756	0.1996	0.1853	0.3396	
0.3013	0.2005	0.1760	0.3221	
0.3043	0.1824	0.1648	0.3485	
0.2825	0.2491	0.1776	0.2907	
0.2125	0.2238	0.1745	0.3892	
0.4282	0.1329	0.2265	0.2123	
0.3714	0.1910	0.1837	0.2539	
0.3715	0.1820	0.2166	0.2299	
0.3208	0.1641	0.2028	0.3123	
0.3567	0.1748	0.2049	0.2636	
0.3159	0.2047	0.1906	0.2888	
0.2646	0.2363	0.2438	0.2553	
0.2505	0.1918	0.2139	0.3438	
0.4410	0.1405	0.1920	0.2264	
0.3235	0.2057	0.1986	0.2722	
0.3209	0.2182	0.2084	0.2526	
0.3228	0.1621	0.2209	0.2941	
0.3643	0.1619	0.1868	0.2870	
0.3266	0.2065	0.1536	0.3133	
0.3105	0.2004	0.2062	0.2829	
0.2449	0.1890	0.1962	0.3698	
0.3767	0.1693	0.1636	0.2904	
0.3368	0.1740	0.1767	0.3125	
0.3081	0.2044	0.1716	0.3159	
0.3632	0.1502	0.1562	0.3305	
0.3123	0.2011	0.1574	0.3292	
0.2915	0.1922	0.1653	0.3510	
0.2632	0.2369	0.1739	0.3260	
0.2090	0.2014	0.1806	0.4089	
0.3658	0.1754	0.1706	0.2882	
0.3157	0.1968	0.1725	0.3151	
0.2916	0.2333	0.1803	0.2948	
0.2951	0.1604	0.2244	0.3201	
0.2952	0.2044	0.1676	0.3328	
0.2945	0.1918	0.1547	0.3590	
0.2966	0.2085	0.1934	0.3015	
0.2323	0.2034	0.1712	0.3931	
0.3912	0.1586	0.1847	0.2654	
0.3614	0.1729	0.1755	0.2902	
0.3394	0.1944	0.2065	0.2597	
0.3802	0.1454	0.1693	0.3051	
0.3240	0.1729	0.1749	0.3281	
0.3301	0.2174	0.1629	0.2895	
0.2772	0.1997	0.1954	0.3277	
0.2977	0.1579	0.1974	0.3469	
0.4092	0.1316	0.1869	0.2723	
0.3530	0.1943	0.1807	0.2720	
0.3474	0.1891	0.1923	0.2712	
0.3387	0.1401	0.1983	0.3230	
0.2742	0.1613	0.1310	0.4335	
0.3592	0.1725	0.1497	0.3186	
0.2789	0.1902	0.1793	0.3516	
0.2720	0.1736	0.1680	0.3864	
0.3467	0.1799	0.1894	0.2840	
0.2996	0.2114	0.1575	0.3315	
0.2855	0.2340	0.1757	0.3048	
0.2628	0.2486	0.1345	0.3541	
0.3178	0.2002	0.1719	0.3102	
0.2836	0.2103	0.1381	0.3680	
0.2419	0.2472	0.1972	0.3136	
0.2016	0.2204	0.1640	0.4140	
0.3654	0.1433	0.2239	0.2674	
0.2992	0.2052	0.1862	0.3094	
0.2881	0.2359	0.1829	0.2931	
0.2583	0.1923	0.1694	0.3801	
0.2771	0.2096	0.1610	0.3523	
0.2858	0.1914	0.1448	0.3780	
0.2518	0.2399	0.1787	0.3295	
0.1757	0.2232	0.1847	0.4165	
0.4315	0.1446	0.1893	0.2346	
0.3539	0.1731	0.1934	0.2796	
0.3454	0.2016	0.2091	0.2438	
0.3318	0.1544	0.2174	0.2964	
0.3293	0.1761	0.2070	0.2876	
0.3428	0.1889	0.1669	0.3013	
0.2711	0.2263	0.2129	0.2897	
0.2450	0.1814	0.2182	0.3554	
0.4340	0.1377	0.1806	0.2477	
0.3339	0.1898	0.1856	0.2908	
0.2982	0.2209	0.1873	0.2937	
0.3037	0.1512	0.2235	0.3216	
0.3080	0.1732	0.1708	0.3481	
0.3409	0.1850	0.1600	0.3142	
0.2774	0.2113	0.1856	0.3257	
0.2340	0.1827	0.2055	0.3778	
0.3516	0.1690	0.1744	0.3050	
0.2930	0.2139	0.1493	0.3438	
0.2812	0.2183	0.1739	0.3267	
0.2963	0.1771	0.1372	0.3894	
0.3476	0.1745	0.1692	0.3087	
0.2854	0.2003	0.1487	0.3656	
0.2976	0.2056	0.1726	0.3242	
0.2041	0.1944	0.1611	0.4403	
0.3885	0.1488	0.1727	0.2899	
0.3130	0.2064	0.1550	0.3257	
0.2876	0.2403	0.1710	0.3011	
0.2654	0.1693	0.1650	0.4004	
0.2733	0.1982	0.1550	0.3735	
0.2887	0.2083	0.1268	0.3762	
0.2956	0.2090	0.1790	0.3164	
0.1736	0.2042	0.1350	0.4872	

